step,t,kappa_0,kappa_1,kappa_2,kappa_3,kappa_4,kappa_5,kappa_6,kappa_7,kappa_8,kappa_9,kappa_10,kappa_11,kappa_12,kappa_13,kappa_14,kappa_15,kappa_16,kappa_17,kappa_18,kappa_19,kappa_20,kappa_21,kappa_22,kappa_23,kappa_24,kappa_25,kappa_26,kappa_27,kappa_28,kappa_29,kappa_30,kappa_31,kappa_32,kappa_33,kappa_34,kappa_35,kappa_36,kappa_37,kappa_38,kappa_39,kappa_40,kappa_41,kappa_42,kappa_43,kappa_44,kappa_45,kappa_46,kappa_47,kappa_48,kappa_49,kappa_50,kappa_51,kappa_52,kappa_53,kappa_54,kappa_55,kappa_56,kappa_57,kappa_58,kappa_59,kappa_60,kappa_61,kappa_62,kappa_63,kappa_64,kappa_65,kappa_66,kappa_67,kappa_68,kappa_69,kappa_70,kappa_71,kappa_72,kappa_73,kappa_74,kappa_75,kappa_76,kappa_77,kappa_78,kappa_79,kappa_80,kappa_81,kappa_82,kappa_83,kappa_84,kappa_85,kappa_86,kappa_87,kappa_88,kappa_89,kappa_90,kappa_91,kappa_92,kappa_93,kappa_94,kappa_95,kappa_96,kappa_97,kappa_98,kappa_99,kappa_100,kappa_101,kappa_102,kappa_103,kappa_104,kappa_105,kappa_106,kappa_107,kappa_108,kappa_109,kappa_110,kappa_111,kappa_112,kappa_113,kappa_114,kappa_115,kappa_116,kappa_117,kappa_118,kappa_119,kappa_120,kappa_121,kappa_122,kappa_123,kappa_124,kappa_125,kappa_126,kappa_127,kappa_128,kappa_129,kappa_130,kappa_131,kappa_132,kappa_133,kappa_134,kappa_135,kappa_136,kappa_137,kappa_138,kappa_139,kappa_140,kappa_141,kappa_142,kappa_143,kappa_144,kappa_145,kappa_146,kappa_147,kappa_148,kappa_149,kappa_150,kappa_151,kappa_152,kappa_153,kappa_154,kappa_155,kappa_156,kappa_157,kappa_158,kappa_159,kappa_160,kappa_161,kappa_162,kappa_163,kappa_164,kappa_165,kappa_166,kappa_167,kappa_168,kappa_169,kappa_170,kappa_171,kappa_172,kappa_173,kappa_174,kappa_175,kappa_176,kappa_177,kappa_178,kappa_179,kappa_180,kappa_181,kappa_182,kappa_183,kappa_184,kappa_185,kappa_186,kappa_187,kappa_188,kappa_189,kappa_190,kappa_191,kappa_192,kappa_193,kappa_194,kappa_195,kappa_196,kappa_197,kappa_198,kappa_199,kappa_200,kappa_201,kappa_202,kappa_203,kappa_204,kappa_205,kappa_206,kappa_207,kappa_208,kappa_209,kappa_210,kappa_211,kappa_212,kappa_213,kappa_214,kappa_215,kappa_216,kappa_217,kappa_218,kappa_219,kappa_220,kappa_221,kappa_222,kappa_223,kappa_224,kappa_225,kappa_226,kappa_227,kappa_228,kappa_229,kappa_230,kappa_231,kappa_232,kappa_233,kappa_234,kappa_235,kappa_236,kappa_237,kappa_238,kappa_239,kappa_240,kappa_241,kappa_242,kappa_243,kappa_244,kappa_245,kappa_246,kappa_247,kappa_248,kappa_249,kappa_250,kappa_251,kappa_252,kappa_253,kappa_254,kappa_255,kappa_256,kappa_257,kappa_258,kappa_259,kappa_260,kappa_261,kappa_262,kappa_263,kappa_264,kappa_265,kappa_266,kappa_267,kappa_268,kappa_269,kappa_270,kappa_271,kappa_272,kappa_273,kappa_274,kappa_275,kappa_276,kappa_277,kappa_278,kappa_279,kappa_280,kappa_281,kappa_282,kappa_283,kappa_284,kappa_285,kappa_286,kappa_287,kappa_288,kappa_289,kappa_290,kappa_291,kappa_292,kappa_293,kappa_294,kappa_295,kappa_296,kappa_297,kappa_298,kappa_299,kappa_300,kappa_301,kappa_302,kappa_303,kappa_304,kappa_305,kappa_306,kappa_307,kappa_308,kappa_309,kappa_310,kappa_311,kappa_312,kappa_313,kappa_314,kappa_315,kappa_316,kappa_317,kappa_318,kappa_319,kappa_320,kappa_321,kappa_322,kappa_323,kappa_324,kappa_325,kappa_326,kappa_327,kappa_328,kappa_329,kappa_330,kappa_331,kappa_332,kappa_333,kappa_334,kappa_335,kappa_336,kappa_337,kappa_338,kappa_339,kappa_340,kappa_341,kappa_342,kappa_343,kappa_344,kappa_345,kappa_346,kappa_347,kappa_348,kappa_349,kappa_350,kappa_351,kappa_352,kappa_353,kappa_354,kappa_355,kappa_356,kappa_357,kappa_358,kappa_359,kappa_360,kappa_361,kappa_362
0,0.000000,6.56027193e-01,7.09320267e-02,7.06482564e-02,7.11553036e-02,6.92779039e-02,1.29135375e-01,1.39250890e-01,2.02207486e-01,2.06127980e-01,2.67229273e-01,3.13561559e-01,3.85444674e-01,3.54131358e-01,4.84692429e-01,7.40104287e-01,7.67488454e-01,5.39157115e-01,5.28998714e-01,7.26838289e-01,5.94942158e-01,5.39303769e-01,3.77005256e-01,5.28165312e-01,5.20558899e-01,5.07286569e-01,6.41215022e-01,6.33199920e-01,6.20654482e-01,6.08285105e-01,6.10493908e-01,6.82997251e-01,8.28759976e-01,6.24525595e-01,1.02388392e+00,6.99940633e-01,1.00114745e+00,7.93326627e-01,9.20687590e-01,7.63853127e-01,9.98380605e-01,8.91057237e-01,1.08513739e+00,9.15454455e-01,1.16990402e+00,1.11670189e+00,1.10226171e+00,1.09818611e+00,1.44745855e+00,1.25963034e+00,1.42750425e+00,1.34113905e+00,1.53319051e+00,1.48989154e+00,1.43356459e+00,1.41851787e+00,1.70886598e+00,1.53811962e+00,1.60151903e+00,1.52429963e+00,1.77131723e+00,1.56885655e+00,1.98161122e+00,1.44627578e+00,1.67988348e+00,1.57997486e+00,1.86702604e+00,1.67943510e+00,1.81452148e+00,1.74681663e+00,2.10949367e+00,1.69462814e+00,1.90331789e+00,1.89228954e+00,2.16992153e+00,1.94808599e+00,2.05647032e+00,2.08526343e+00,2.34006582e+00,2.42856142e+00,2.16179691e+00,2.28061863e+00,2.39183199e+00,2.61966985e+00,2.22395429e+00,2.15415144e+00,2.33372633e+00,3.02626213e+00,1.99420393e+00,2.03144993e+00,2.47570420e+00,2.81425233e+00,2.04542286e+00,2.06559951e+00,2.40884056e+00,2.79807516e+00,2.15841901e+00,2.00534422e+00,2.58482544e+00,2.92574190e+00,2.15497844e+00,2.28931732e+00,2.60184921e+00,2.91734262e+00,2.52861339e+00,2.25308645e+00,2.61177685e+00,2.79416772e+00,2.67402691e+00,2.30797965e+00,2.62200992e+00,3.02144188e+00,2.74932885e+00,2.27522430e+00,2.63736913e+00,2.84470808e+00,2.94633626e+00,2.18272993e+00,2.56698144e+00,2.96189717e+00,3.10919885e+00,2.13606436e+00,2.56470392e+00,2.87632485e+00,2.98229538e+00,2.30044546e+00,2.47681412e+00,2.77110332e+00,2.94333619e+00,2.37365199e+00,2.43570853e+00,2.73233835e+00,2.67242226e+00,2.47672012e+00,2.60604158e+00,2.63255335e+00,2.55567238e+00,2.63722436e+00,2.56620055e+00,2.65040797e+00,2.53646879e+00,2.43053629e+00,2.67433845e+00,2.59747611e+00,2.54873681e+00,2.50448822e+00,2.83336200e+00,2.46840496e+00,2.53290250e+00,2.50733802e+00,2.69062662e+00,2.49830267e+00,2.41149018e+00,2.37973140e+00,2.82909578e+00,2.49605321e+00,2.23471772e+00,2.43308594e+00,2.77574902e+00,2.55761195e+00,2.15802963e+00,2.37158759e+00,2.74534701e+00,2.68712603e+00,2.23548324e+00,2.24951138e+00,2.79960129e+00,2.52972626e+00,2.21735031e+00,2.34229620e+00,2.64306198e+00,2.82962080e+00,2.19976045e+00,2.19348431e+00,2.50336632e+00,2.72623609e+00,2.18602306e+00,2.24422146e+00,2.45011539e+00,2.82685610e+00,2.32636725e+00,2.10314308e+00,2.34292810e+00,2.75778617e+00,2.31504796e+00,2.02001922e+00,2.51746447e+00,2.75210981e+00,2.57885551e+00,1.96952671e+00,2.12528786e+00,2.67058363e+00,2.62153219e+00,2.05597020e+00,2.42294509e+00,2.39958874e+00,2.62868749e+00,2.02412397e+00,2.12776863e+00,2.55186930e+00,2.69699639e+00,2.03408056e+00,2.19783673e+00,2.09003644e+00,2.89122392e+00,2.20370279e+00,2.08144203e+00,2.48307229e+00,2.43126292e+00,2.23920092e+00,1.99393625e+00,2.18918498e+00,3.00907283e+00,2.30695429e+00,1.97068931e+00,2.09838214e+00,2.46414654e+00,2.72447371e+00,1.93004466e+00,2.29597509e+00,2.62013332e+00,2.39239621e+00,1.96226352e+00,1.85294793e+00,2.36766920e+00,2.58362164e+00,1.89346547e+00,2.44877872e+00,2.40833551e+00,3.02947320e+00,1.99855158e+00,1.73214429e+00,2.03533026e+00,2.19109400e+00,2.14988336e+00,2.63468458e+00,2.93071110e+00,3.46763630e+00,2.61263245e+00,1.91134383e+00,1.89290282e+00,2.32514313e+00,1.44529522e+02,1.35564209e+02,1.54468339e+02,1.60678317e+02,1.56585248e+02,1.69655926e+02,1.76676994e+02,1.80785082e+02,2.01138070e+02,2.02176751e+02,2.02940103e+02,2.31988348e+02,2.28354582e+02,2.31060814e+02,2.43375513e+02,2.30540187e+02,2.38760724e+02,2.27306745e+02,2.30504770e+02,2.40794051e+02,2.43132829e+02,2.39459825e+02,2.32402708e+02,2.24022384e+02,2.42873191e+02,2.37840094e+02,2.28247111e+02,2.43718037e+02,2.44506253e+02,2.43098772e+02,2.39774672e+02,2.41097092e+02,2.42479073e+02,2.56347571e+02,2.43662070e+02,2.58722399e+02,2.33800706e+02,2.39659733e+02,2.50426684e+02,2.37626403e+02,2.37158481e+02,2.39652819e+02,2.45385124e+02,2.45774608e+02,2.46162463e+02,2.56676569e+02,2.42139838e+02,2.41070074e+02,2.43402739e+02,2.39228764e+02,2.47455886e+02,2.40114716e+02,2.35966693e+02,2.48441563e+02,2.35973560e+02,2.45961027e+02,2.35964227e+02,2.44372240e+02,2.42788900e+02,2.47397011e+02,2.51430623e+02,2.47087062e+02,2.47902623e+02,2.45622775e+02,2.25327917e+02,2.55919481e+02,2.67785624e+02,2.42565246e+02,2.41954746e+02,2.54541324e+02,2.47253605e+02,2.42959873e+02,2.58475389e+02,2.36141974e+02,2.45626194e+02,2.62377241e+02,2.43653271e+02,2.46773747e+02,2.36536347e+02,2.42587687e+02,2.66089797e+02,2.43106150e+02,2.46287879e+02,2.27642460e+02,2.43794091e+02,2.38158051e+02,2.65386560e+02,2.32861957e+02,2.54195575e+02,2.47066601e+02,2.69618962e+02,2.55080058e+02,2.52043262e+02,2.47384799e+02,2.66529696e+02,3.14940796e+02,2.70051233e+02,2.84728165e+02,2.72405827e+02,2.67729406e+02,2.95258287e+02,2.41005132e+02,2.62869710e+02,2.60107120e+02,2.70807622e+02,2.98190622e+02,2.55487304e+02,2.54571853e+02,2.66500216e+02,2.74783400e+02,2.62347677e+02,3.05550065e+02,2.96155152e+02,2.77290078e+02,2.38003242e+02,2.25272825e+02,2.69918073e+02,3.33066446e+02,4.44435130e+02,3.13726887e+02,2.69579531e+02,1.57241329e+01
1,0.005000,2.00010002e-02,7.09110135e-02,7.06323361e-02,7.11393045e-02,6.92508009e-02,1.29142083e-01,1.39222977e-01,2.02346278e-01,2.06251113e-01,2.67040229e-01,3.13521217e-01,3.85134445e-01,3.54386545e-01,4.84600485e-01,7.40539392e-01,7.67329356e-01,5.39585573e-01,5.29358992e-01,7.27055885e-01,5.94772952e-01,5.40022006e-01,3.77559675e-01,5.28746915e-01,5.21444369e-01,5.07589900e-01,6.41356643e-01,6.32494932e-01,6.20044784e-01,6.08602522e-01,6.10847199e-01,6.81929992e-01,8.27601195e-01,6.24450415e-01,1.02502885e+00,6.99932964e-01,1.00017047e+00,7.93468263e-01,9.20115745e-01,7.63356278e-01,9.96905839e-01,8.91713289e-01,1.08473892e+00,9.12838144e-01,1.16587957e+00,1.11547302e+00,1.09821747e+00,1.09382003e+00,1.44392000e+00,1.26031943e+00,1.42695223e+00,1.33695488e+00,1.53054810e+00,1.49074403e+00,1.43269986e+00,1.41642677e+00,1.71009118e+00,1.54095010e+00,1.59885859e+00,1.52306544e+00,1.77151428e+00,1.57298848e+00,1.97976120e+00,1.44653617e+00,1.67766526e+00,1.57997570e+00,1.86494590e+00,1.67977993e+00,1.80860653e+00,1.74867958e+00,2.11026864e+00,1.69043679e+00,1.89803089e+00,1.89317159e+00,2.17181973e+00,1.94328455e+00,2.04756925e+00,2.08582391e+00,2.34140712e+00,2.42318078e+00,2.15777945e+00,2.28292437e+00,2.39587392e+00,2.61400539e+00,2.22462769e+00,2.16100968e+00,2.33693322e+00,3.02157909e+00,1.99890257e+00,2.03755632e+00,2.47622898e+00,2.81799599e+00,2.04797176e+00,2.07217854e+00,2.40816237e+00,2.79560216e+00,2.15752478e+00,2.00723970e+00,2.58723219e+00,2.92719579e+00,2.14979753e+00,2.29154356e+00,2.60187377e+00,2.91618752e+00,2.51934784e+00,2.25431527e+00,2.61499212e+00,2.78988012e+00,2.67514270e+00,2.31046813e+00,2.62317368e+00,3.01927367e+00,2.74282706e+00,2.27954012e+00,2.64311986e+00,2.84272492e+00,2.95357785e+00,2.18547774e+00,2.57124504e+00,2.96415618e+00,3.11718724e+00,2.14063090e+00,2.56307646e+00,2.88017004e+00,2.99222195e+00,2.30295645e+00,2.47684540e+00,2.76986598e+00,2.94369664e+00,2.37745388e+00,2.43763666e+00,2.72898941e+00,2.67345001e+00,2.47574574e+00,2.60497142e+00,2.63051286e+00,2.55734580e+00,2.63688833e+00,2.56074080e+00,2.64577196e+00,2.53277357e+00,2.43236624e+00,2.67772322e+00,2.60078852e+00,2.55434762e+00,2.50705120e+00,2.83031766e+00,2.46972645e+00,2.53098043e+00,2.51982723e+00,2.69196777e+00,2.50028678e+00,2.42321956e+00,2.39056933e+00,2.82845995e+00,2.49278153e+00,2.23907417e+00,2.43830916e+00,2.77325038e+00,2.54996094e+00,2.16824659e+00,2.37988830e+00,2.74678925e+00,2.68562774e+00,2.23866484e+00,2.24789783e+00,2.79685037e+00,2.53138827e+00,2.23107065e+00,2.34176298e+00,2.63763389e+00,2.82526177e+00,2.20900733e+00,2.20006871e+00,2.50562251e+00,2.72999926e+00,2.18245619e+00,2.24227908e+00,2.44895105e+00,2.83008385e+00,2.33470956e+00,2.10077910e+00,2.34568982e+00,2.76974818e+00,2.31503639e+00,2.02358047e+00,2.51653101e+00,2.75741836e+00,2.58013031e+00,1.97479209e+00,2.12640843e+00,2.67629413e+00,2.62638462e+00,2.06272642e+00,2.42115317e+00,2.41217565e+00,2.63738488e+00,2.03613638e+00,2.12057593e+00,2.55122546e+00,2.69544554e+00,2.03996988e+00,2.19696921e+00,2.08989922e+00,2.87048237e+00,2.20256192e+00,2.07525634e+00,2.47568394e+00,2.41957352e+00,2.23535522e+00,1.99023718e+00,2.19095366e+00,2.99252965e+00,2.30268154e+00,1.95842428e+00,2.09336432e+00,2.44602127e+00,2.73608576e+00,1.92566032e+00,2.28279013e+00,2.60842574e+00,2.38683903e+00,1.93532997e+00,1.81670143e+00,2.32827931e+00,2.57449513e+00,1.88751387e+00,2.42579829e+00,2.38434635e+00,2.98921711e+00,1.94713370e+00,1.68777996e+00,2.00220586e+00,2.17887133e+00,2.12296519e+00,2.62607642e+00,2.87300838e+00,3.48137683e+00,2.64790262e+00,1.89520217e+00,1.90073153e+00,2.32319157e+00,5.55135993e+00,5.05367641e+00,5.37299353e+00,5.22577279e+00,4.63319206e+00,4.60862183e+00,4.36797528e+00,3.80670414e+00,3.70665958e+00,3.30944827e+00,2.96664003e+00,2.85085153e+00,2.34935675e+00,2.00809547e+00,1.77574931e+00,1.70654167e+00,1.71998625e+00,1.73335148e+00,1.74660757e+00,1.76024511e+00,1.77353964e+00,1.78699942e+00,1.80058202e+00,1.81445941e+00,1.82804502e+00,1.84142016e+00,1.85533904e+00,1.86950004e+00,1.88362048e+00,1.89690448e+00,1.91088547e+00,1.92508301e+00,1.93931841e+00,1.95376493e+00,1.96721907e+00,1.98202424e+00,1.99645610e+00,2.01063315e+00,2.02472157e+00,2.03905312e+00,2.05437292e+00,2.06867987e+00,2.08303693e+00,2.09740937e+00,2.11240707e+00,2.12756883e+00,2.14212954e+00,2.15690918e+00,2.17158029e+00,2.18712100e+00,2.20197295e+00,2.21676847e+00,2.23251893e+00,2.24782179e+00,2.26278062e+00,2.27815650e+00,2.29304272e+00,2.30934483e+00,2.32483952e+00,2.34000728e+00,2.35507319e+00,2.37076843e+00,2.38708971e+00,2.40288469e+00,2.41804568e+00,2.43430642e+00,2.44994068e+00,2.46630157e+00,2.48210639e+00,2.49814861e+00,2.51441785e+00,2.52988589e+00,2.54666569e+00,2.56262135e+00,2.57944038e+00,2.59563582e+00,2.61172039e+00,2.62822576e+00,2.64475822e+00,2.66156516e+00,2.67851622e+00,2.69478458e+00,2.71107873e+00,2.72845988e+00,2.74506973e+00,2.76326063e+00,2.77893569e+00,2.79624233e+00,2.81272917e+00,2.82980048e+00,2.84775839e+00,2.86545018e+00,2.88270527e+00,2.89949595e+00,2.91683730e+00,2.93335861e+00,2.95184397e+00,2.96881826e+00,2.98800636e+00,3.00459000e+00,3.02191543e+00,3.03942556e+00,3.05733636e+00,3.07527064e+00,3.09348880e+00,3.11181097e+00,3.13021708e+00,3.14746837e+00,3.16675816e+00,3.18437955e+00,3.20135255e+00,3.21947704e+00,3.23715787e+00,3.25581787e+00,3.27593304e+00,3.29554549e+00,3.31503691e+00,3.32805770e+00,3.34807532e+00,3.36761542e+00,3.38447027e+00,3.40747177e+00
2,0.010000,2.00010002e-02,7.08898398e-02,7.06183077e-02,7.11244693e-02,6.92237046e-02,1.29146724e-01,1.39189049e-01,2.02477976e-01,2.06395808e-01,2.66843753e-01,3.13474163e-01,3.84853230e-01,3.54686704e-01,4.84470073e-01,7.40937892e-01,7.67181201e-01,5.40045554e-01,5.29688855e-01,7.27324379e-01,5.94647428e-01,5.40646653e-01,3.78137645e-01,5.29240984e-01,5.22295575e-01,5.07918532e-01,6.41421823e-01,6.31887573e-01,6.19585943e-01,6.09095532e-01,6.11129098e-01,6.80977541e-01,8.26489297e-01,6.24415626e-01,1.02616992e+00,6.99859767e-01,9.99071355e-01,7.93563293e-01,9.20006116e-01,7.62427763e-01,9.95532959e-01,8.92347871e-01,1.08413260e+00,9.10072956e-01,1.16215599e+00,1.11417801e+00,1.09473160e+00,1.08920964e+00,1.44030620e+00,1.26100283e+00,1.42611441e+00,1.33268578e+00,1.52805547e+00,1.49156570e+00,1.43253308e+00,1.41334233e+00,1.71257011e+00,1.54287859e+00,1.59580157e+00,1.52020517e+00,1.77212451e+00,1.57730133e+00,1.97761923e+00,1.44619275e+00,1.67579237e+00,1.57932811e+00,1.86190288e+00,1.67980335e+00,1.80303006e+00,1.75016529e+00,2.11087510e+00,1.68576153e+00,1.89148959e+00,1.89431758e+00,2.17298449e+00,1.93759155e+00,2.03990634e+00,2.08810990e+00,2.34135253e+00,2.41784449e+00,2.15430676e+00,2.28454751e+00,2.40004079e+00,2.60979592e+00,2.22742295e+00,2.16759465e+00,2.34175544e+00,3.01424694e+00,2.00432229e+00,2.04181752e+00,2.47476051e+00,2.82253377e+00,2.05098783e+00,2.07749432e+00,2.40916837e+00,2.79088982e+00,2.15736368e+00,2.00851988e+00,2.59064570e+00,2.92729468e+00,2.14277824e+00,2.29123797e+00,2.60370828e+00,2.91101494e+00,2.51178413e+00,2.25594874e+00,2.61607793e+00,2.78859491e+00,2.66896607e+00,2.30653233e+00,2.62224892e+00,3.01567590e+00,2.74479881e+00,2.28109326e+00,2.65084707e+00,2.84258631e+00,2.96532565e+00,2.18948750e+00,2.57321602e+00,2.95470368e+00,3.12209927e+00,2.14640352e+00,2.56510782e+00,2.87878886e+00,2.99503965e+00,2.30703546e+00,2.47344211e+00,2.77160449e+00,2.95605477e+00,2.37453416e+00,2.43656706e+00,2.73168880e+00,2.67741986e+00,2.47319292e+00,2.60093475e+00,2.61987157e+00,2.56162036e+00,2.63612127e+00,2.56805898e+00,2.64637644e+00,2.53845633e+00,2.43754892e+00,2.67318451e+00,2.60199039e+00,2.54817331e+00,2.50698525e+00,2.82456170e+00,2.47763087e+00,2.52586982e+00,2.52894927e+00,2.67698096e+00,2.50469796e+00,2.42916343e+00,2.38805510e+00,2.81655619e+00,2.49250031e+00,2.25704657e+00,2.44405131e+00,2.76541560e+00,2.54845643e+00,2.16832664e+00,2.38482263e+00,2.73311306e+00,2.68261683e+00,2.25919013e+00,2.25182726e+00,2.79575175e+00,2.52478393e+00,2.23842617e+00,2.33221449e+00,2.63134276e+00,2.83094741e+00,2.21530650e+00,2.20485605e+00,2.51251933e+00,2.73076036e+00,2.18702576e+00,2.24946353e+00,2.43808594e+00,2.82000016e+00,2.34485908e+00,2.10397837e+00,2.33997623e+00,2.74628781e+00,2.31656672e+00,2.02735923e+00,2.52936982e+00,2.75082600e+00,2.59647746e+00,1.98442654e+00,2.12597679e+00,2.64553617e+00,2.63031787e+00,2.07320514e+00,2.42721443e+00,2.39890180e+00,2.61925744e+00,2.04688520e+00,2.11510762e+00,2.54833897e+00,2.68890345e+00,2.04226616e+00,2.19574431e+00,2.09539253e+00,2.88535861e+00,2.21714109e+00,2.06211590e+00,2.47795491e+00,2.42334056e+00,2.22343626e+00,1.98781975e+00,2.19786612e+00,2.97419514e+00,2.31343323e+00,1.95816606e+00,2.08251004e+00,2.43705565e+00,2.73035616e+00,1.91804861e+00,2.27483220e+00,2.59546406e+00,2.37992710e+00,1.93565524e+00,1.83275080e+00,2.29426475e+00,2.57106334e+00,1.89009831e+00,2.42420205e+00,2.37776929e+00,3.01033560e+00,1.95448136e+00,1.68998984e+00,1.98991444e+00,2.17600280e+00,2.12608070e+00,2.61577575e+00,2.87838931e+00,3.46254429e+00,2.64517682e+00,1.89962673e+00,1.89204416e+00,2.31342615e+00,5.40338938e+00,4.93019130e+00,5.24464939e+00,5.10766446e+00,4.53864015e+00,4.52382582e+00,4.29495793e+00,3.75319039e+00,3.66294450e+00,3.27803024e+00,2.94600712e+00,2.83775297e+00,2.34284282e+00,2.00534366e+00,1.77503585e+00,1.70654154e+00,1.71998610e+00,1.73335133e+00,1.74660742e+00,1.76024495e+00,1.77353951e+00,1.78699927e+00,1.80058186e+00,1.81445926e+00,1.82804487e+00,1.84142003e+00,1.85533887e+00,1.86949986e+00,1.88362033e+00,1.89690432e+00,1.91088532e+00,1.92508283e+00,1.93931826e+00,1.95376475e+00,1.96721891e+00,1.98202408e+00,1.99645591e+00,2.01063301e+00,2.02472139e+00,2.03905294e+00,2.05437274e+00,2.06867970e+00,2.08303677e+00,2.09740918e+00,2.11240691e+00,2.12756865e+00,2.14212936e+00,2.15690899e+00,2.17158009e+00,2.18712084e+00,2.20197275e+00,2.21676829e+00,2.23251873e+00,2.24782160e+00,2.26278046e+00,2.27815631e+00,2.29304252e+00,2.30934462e+00,2.32483930e+00,2.34000711e+00,2.35507295e+00,2.37076827e+00,2.38708950e+00,2.40288450e+00,2.41804547e+00,2.43430621e+00,2.44994049e+00,2.46630133e+00,2.48210623e+00,2.49814839e+00,2.51441765e+00,2.52988571e+00,2.54666543e+00,2.56262115e+00,2.57944012e+00,2.59563561e+00,2.61172022e+00,2.62822549e+00,2.64475799e+00,2.66156488e+00,2.67851604e+00,2.69478434e+00,2.71107849e+00,2.72845970e+00,2.74506944e+00,2.76326042e+00,2.77893543e+00,2.79624210e+00,2.81272898e+00,2.82980018e+00,2.84775822e+00,2.86544989e+00,2.88270504e+00,2.89949568e+00,2.91683703e+00,2.93335849e+00,2.95184364e+00,2.96881804e+00,2.98800609e+00,3.00458974e+00,3.02191521e+00,3.03942527e+00,3.05733613e+00,3.07527039e+00,3.09348853e+00,3.11181082e+00,3.13021670e+00,3.14746831e+00,3.16675775e+00,3.18437942e+00,3.20135230e+00,3.21947673e+00,3.23715787e+00,3.25581746e+00,3.27593303e+00,3.29554507e+00,3.31503691e+00,3.32805770e+00,3.34807490e+00,3.36761542e+00,3.38446993e+00,3.40747177e+00
3,0.015000,2.00010002e-02,7.08675769e-02,7.06036509e-02,7.11097765e-02,6.91966401e-02,1.29151790e-01,1.39154298e-01,2.02610683e-01,2.06545003e-01,2.66657138e-01,3.13437700e-01,3.84574863e-01,3.54989513e-01,4.84337596e-01,7.41352644e-01,7.67073739e-01,5.40497816e-01,5.30029017e-01,7.27550314e-01,5.94508408e-01,5.41362232e-01,3.78716436e-01,5.29811780e-01,5.23204141e-01,5.08228874e-01,6.41517110e-01,6.31285027e-01,6.19062462e-01,6.09462013e-01,6.11630676e-01,6.79936842e-01,8.25521080e-01,6.24295069e-01,1.02731743e+00,6.99761751e-01,9.98136475e-01,7.93673685e-01,9.19652903e-01,7.62153391e-01,9.94193137e-01,8.92998555e-01,1.08379979e+00,9.07682200e-01,1.15852718e+00,1.11307455e+00,1.09078856e+00,1.08469458e+00,1.43667888e+00,1.26169756e+00,1.42552658e+00,1.32847300e+00,1.52549068e+00,1.49282659e+00,1.43164915e+00,1.41135994e+00,1.71362037e+00,1.54544726e+00,1.59300092e+00,1.51899778e+00,1.77205545e+00,1.58184816e+00,1.97622081e+00,1.44707875e+00,1.67381418e+00,1.57957357e+00,1.85983648e+00,1.67974316e+00,1.79679530e+00,1.75215602e+00,2.11146993e+00,1.68222390e+00,1.88664121e+00,1.89571583e+00,2.17506956e+00,1.93317904e+00,2.03149595e+00,2.08818113e+00,2.34262414e+00,2.41365099e+00,2.14915477e+00,2.28750994e+00,2.40567003e+00,2.60420393e+00,2.22781397e+00,2.17479175e+00,2.34341886e+00,3.01104607e+00,2.00958254e+00,2.04820642e+00,2.47598010e+00,2.82553163e+00,2.05359203e+00,2.08446608e+00,2.41016764e+00,2.79055899e+00,2.15693740e+00,2.01140161e+00,2.59450387e+00,2.93110854e+00,2.13811496e+00,2.29374819e+00,2.60093895e+00,2.91176561e+00,2.50091332e+00,2.25650197e+00,2.61977788e+00,2.78737307e+00,2.67060817e+00,2.31191894e+00,2.62474004e+00,3.01439842e+00,2.73694782e+00,2.28900326e+00,2.65478100e+00,2.83244040e+00,2.96986326e+00,2.19029133e+00,2.57810190e+00,2.95524657e+00,3.13031766e+00,2.15425882e+00,2.56409277e+00,2.88885604e+00,3.01121215e+00,2.31181530e+00,2.47277428e+00,2.76974287e+00,2.95518637e+00,2.38091491e+00,2.44089907e+00,2.72376478e+00,2.68030257e+00,2.47704451e+00,2.60662269e+00,2.62040897e+00,2.57329509e+00,2.64183936e+00,2.56011524e+00,2.64688617e+00,2.53252713e+00,2.44204870e+00,2.67092537e+00,2.60386888e+00,2.55429686e+00,2.51516514e+00,2.82799587e+00,2.48296101e+00,2.52689059e+00,2.54442988e+00,2.67939223e+00,2.50550374e+00,2.43917852e+00,2.40454344e+00,2.81977459e+00,2.49157860e+00,2.26053652e+00,2.45561642e+00,2.76284127e+00,2.54158093e+00,2.17748302e+00,2.39452693e+00,2.73210031e+00,2.67781197e+00,2.26286482e+00,2.25183767e+00,2.78897029e+00,2.53432508e+00,2.24086688e+00,2.32610119e+00,2.62431216e+00,2.82671533e+00,2.22168222e+00,2.20787127e+00,2.49587387e+00,2.72734273e+00,2.18491665e+00,2.24128902e+00,2.43648970e+00,2.82547973e+00,2.33376176e+00,2.09948309e+00,2.34498804e+00,2.75474841e+00,2.31766415e+00,2.02174805e+00,2.52477922e+00,2.74460613e+00,2.57997672e+00,1.98263166e+00,2.11418176e+00,2.66357815e+00,2.62855541e+00,2.06619053e+00,2.42672765e+00,2.41120462e+00,2.63627414e+00,2.05548322e+00,2.10174465e+00,2.54301844e+00,2.69181253e+00,2.04908181e+00,2.19360264e+00,2.09425624e+00,2.86627266e+00,2.21307420e+00,2.05177703e+00,2.46737355e+00,2.41890885e+00,2.22994380e+00,1.98459539e+00,2.18703592e+00,2.96498718e+00,2.29160016e+00,1.94731438e+00,2.09351454e+00,2.42807735e+00,2.73965314e+00,1.92743414e+00,2.27410681e+00,2.58554250e+00,2.39494999e+00,1.93632449e+00,1.81956985e+00,2.29247621e+00,2.56512357e+00,1.88629072e+00,2.41325175e+00,2.36690382e+00,2.99989049e+00,1.95721373e+00,1.67126690e+00,1.97562590e+00,2.15846255e+00,2.11058995e+00,2.61426994e+00,2.85407925e+00,3.47500442e+00,2.65839827e+00,1.87930912e+00,1.88542526e+00,2.29586186e+00,5.26027576e+00,4.81025362e+00,5.11931914e+00,4.99187720e+00,4.44566415e+00,4.43975166e+00,4.22222419e+00,3.69961466e+00,3.61876933e+00,3.24610223e+00,2.92486926e+00,2.82413897e+00,2.33606254e+00,2.00247355e+00,1.77429242e+00,1.70654140e+00,1.71998595e+00,1.73335118e+00,1.74660728e+00,1.76024480e+00,1.77353937e+00,1.78699911e+00,1.80058171e+00,1.81445910e+00,1.82804472e+00,1.84141990e+00,1.85533870e+00,1.86949969e+00,1.88362018e+00,1.89690417e+00,1.91088517e+00,1.92508265e+00,1.93931812e+00,1.95376457e+00,1.96721875e+00,1.98202391e+00,1.99645572e+00,2.01063286e+00,2.02472121e+00,2.03905276e+00,2.05437256e+00,2.06867953e+00,2.08303662e+00,2.09740899e+00,2.11240674e+00,2.12756846e+00,2.14212919e+00,2.15690881e+00,2.17157990e+00,2.18712068e+00,2.20197256e+00,2.21676811e+00,2.23251853e+00,2.24782140e+00,2.26278030e+00,2.27815612e+00,2.29304231e+00,2.30934442e+00,2.32483909e+00,2.34000693e+00,2.35507271e+00,2.37076810e+00,2.38708928e+00,2.40288430e+00,2.41804525e+00,2.43430600e+00,2.44994030e+00,2.46630110e+00,2.48210607e+00,2.49814816e+00,2.51441746e+00,2.52988553e+00,2.54666517e+00,2.56262094e+00,2.57943986e+00,2.59563540e+00,2.61172004e+00,2.62822523e+00,2.64475777e+00,2.66156460e+00,2.67851586e+00,2.69478410e+00,2.71107825e+00,2.72845951e+00,2.74506915e+00,2.76326021e+00,2.77893518e+00,2.79624188e+00,2.81272879e+00,2.82979988e+00,2.84775804e+00,2.86544960e+00,2.88270480e+00,2.89949541e+00,2.91683676e+00,2.93335836e+00,2.95184332e+00,2.96881782e+00,2.98800581e+00,3.00458947e+00,3.02191500e+00,3.03942497e+00,3.05733590e+00,3.07527013e+00,3.09348825e+00,3.11181067e+00,3.13021633e+00,3.14746824e+00,3.16675734e+00,3.18437929e+00,3.20135205e+00,3.21947642e+00,3.23715786e+00,3.25581706e+00,3.27593303e+00,3.29554465e+00,3.31503691e+00,3.32805770e+00,3.34807448e+00,3.36761542e+00,3.38446958e+00,3.40747177e+00
4,0.020000,2.00010002e-02,7.08469090e-02,7.05895374e-02,7.10949769e-02,6.91695783e-02,1.29156429e-01,1.39120385e-01,2.02742116e-01,2.06691944e-01,2.66463003e-01,3.13398149e-01,3.84298527e-01,3.55298729e-01,4.84211892e-01,7.41719246e-01,7.66914789e-01,5.40948592e-01,5.30360891e-01,7.27788387e-01,5.94390898e-01,5.41990884e-01,3.79296269e-01,5.30334247e-01,5.24157298e-01,5.08554147e-01,6.41616653e-01,6.30652749e-01,6.18625434e-01,6.09924995e-01,6.11938391e-01,6.78912134e-01,8.24538805e-01,6.24316632e-01,1.02841900e+00,6.99636853e-01,9.96933924e-01,7.93840372e-01,9.19426762e-01,7.61449636e-01,9.93099349e-01,8.93627902e-01,1.08326651e+00,9.05036874e-01,1.15451032e+00,1.11176974e+00,1.08754117e+00,1.08045253e+00,1.43286569e+00,1.26264991e+00,1.42492577e+00,1.32441598e+00,1.52236635e+00,1.49362988e+00,1.43178560e+00,1.40878746e+00,1.71558903e+00,1.54783440e+00,1.59081302e+00,1.51607583e+00,1.77313771e+00,1.58661964e+00,1.97415610e+00,1.44628731e+00,1.67281768e+00,1.57958568e+00,1.85682688e+00,1.68085175e+00,1.79234377e+00,1.75353516e+00,2.11298350e+00,1.67699576e+00,1.88072817e+00,1.89683588e+00,2.17676086e+00,1.92758663e+00,2.02410295e+00,2.09050219e+00,2.34296034e+00,2.40848216e+00,2.14673866e+00,2.28854615e+00,2.40925224e+00,2.59907628e+00,2.23014851e+00,2.18197300e+00,2.35152699e+00,3.00481899e+00,2.01559630e+00,2.05485559e+00,2.47573434e+00,2.83125533e+00,2.05759089e+00,2.09103862e+00,2.40878945e+00,2.78577940e+00,2.15795539e+00,2.01408273e+00,2.59504347e+00,2.93415759e+00,2.13603539e+00,2.29463002e+00,2.60579588e+00,2.91251671e+00,2.50314088e+00,2.25943138e+00,2.62416372e+00,2.78494364e+00,2.67367311e+00,2.31293200e+00,2.62583245e+00,3.01320260e+00,2.74062898e+00,2.28428783e+00,2.66342226e+00,2.84889082e+00,2.99276124e+00,2.19883294e+00,2.58428957e+00,2.96171637e+00,3.15349377e+00,2.15925794e+00,2.56686719e+00,2.88722375e+00,3.02474084e+00,2.32329613e+00,2.47810624e+00,2.77565965e+00,2.96597269e+00,2.39054852e+00,2.44216237e+00,2.73828319e+00,2.69906184e+00,2.48381586e+00,2.59993507e+00,2.61595655e+00,2.57223781e+00,2.64890797e+00,2.56571301e+00,2.64584167e+00,2.55330877e+00,2.45865923e+00,2.68838264e+00,2.61752716e+00,2.56439009e+00,2.52952000e+00,2.82497417e+00,2.49624935e+00,2.53837916e+00,2.56259068e+00,2.68221789e+00,2.52419331e+00,2.44471458e+00,2.41894238e+00,2.81719498e+00,2.50522927e+00,2.28757099e+00,2.47336099e+00,2.77683689e+00,2.54814822e+00,2.19609690e+00,2.41959083e+00,2.74187060e+00,2.69154516e+00,2.28548024e+00,2.27005742e+00,2.80163218e+00,2.53575227e+00,2.27786392e+00,2.34609876e+00,2.63339170e+00,2.83920311e+00,2.24568525e+00,2.21925617e+00,2.52785287e+00,2.75346403e+00,2.20011822e+00,2.27098919e+00,2.45411618e+00,2.83085157e+00,2.37977767e+00,2.11537784e+00,2.35001852e+00,2.75797239e+00,2.31847024e+00,2.03073164e+00,2.54549700e+00,2.75356030e+00,2.60598562e+00,2.01005189e+00,2.13779027e+00,2.65728658e+00,2.65823321e+00,2.09204511e+00,2.44303550e+00,2.41203133e+00,2.64042488e+00,2.08466264e+00,2.10385246e+00,2.54172575e+00,2.70476772e+00,2.06018002e+00,2.21156862e+00,2.09910099e+00,2.88612225e+00,2.22722985e+00,2.04842450e+00,2.47265784e+00,2.44159690e+00,2.24460076e+00,1.98455895e+00,2.20344351e+00,2.96371915e+00,2.30650984e+00,1.95214959e+00,2.09033714e+00,2.42655209e+00,2.74805478e+00,1.91867406e+00,2.26302378e+00,2.57131023e+00,2.39175649e+00,1.93519810e+00,1.83398928e+00,2.27025920e+00,2.55674093e+00,1.88965418e+00,2.41362227e+00,2.36348165e+00,3.01736630e+00,1.95374759e+00,1.67498717e+00,1.97180102e+00,2.16304914e+00,2.13363401e+00,2.62669438e+00,2.90392267e+00,3.59140085e+00,2.66922451e+00,1.87307158e+00,1.86915044e+00,2.28041320e+00,5.12195514e+00,4.69384428e+00,4.99709207e+00,4.87853365e+00,4.35435398e+00,4.35653797e+00,4.14990372e+00,3.64606322e+00,3.57421467e+00,3.21371326e+00,2.90325106e+00,2.81001978e+00,2.32901638e+00,1.99948385e+00,1.77351846e+00,1.70654127e+00,1.71998581e+00,1.73335103e+00,1.74660713e+00,1.76024464e+00,1.77353924e+00,1.78699896e+00,1.80058155e+00,1.81445895e+00,1.82804457e+00,1.84141976e+00,1.85533854e+00,1.86949952e+00,1.88362003e+00,1.89690402e+00,1.91088502e+00,1.92508248e+00,1.93931798e+00,1.95376439e+00,1.96721859e+00,1.98202375e+00,1.99645553e+00,2.01063272e+00,2.02472103e+00,2.03905258e+00,2.05437238e+00,2.06867937e+00,2.08303646e+00,2.09740879e+00,2.11240658e+00,2.12756828e+00,2.14212901e+00,2.15690863e+00,2.17157970e+00,2.18712052e+00,2.20197236e+00,2.21676793e+00,2.23251834e+00,2.24782121e+00,2.26278014e+00,2.27815592e+00,2.29304211e+00,2.30934421e+00,2.32483887e+00,2.34000676e+00,2.35507246e+00,2.37076794e+00,2.38708906e+00,2.40288411e+00,2.41804504e+00,2.43430579e+00,2.44994011e+00,2.46630086e+00,2.48210591e+00,2.49814793e+00,2.51441726e+00,2.52988535e+00,2.54666491e+00,2.56262074e+00,2.57943960e+00,2.59563519e+00,2.61171987e+00,2.62822496e+00,2.64475754e+00,2.66156432e+00,2.67851568e+00,2.69478386e+00,2.71107801e+00,2.72845933e+00,2.74506885e+00,2.76326000e+00,2.77893492e+00,2.79624166e+00,2.81272859e+00,2.82979958e+00,2.84775787e+00,2.86544931e+00,2.88270456e+00,2.89949514e+00,2.91683650e+00,2.93335824e+00,2.95184299e+00,2.96881760e+00,2.98800554e+00,3.00458920e+00,3.02191478e+00,3.03942468e+00,3.05733568e+00,3.07526987e+00,3.09348798e+00,3.11181052e+00,3.13021596e+00,3.14746818e+00,3.16675693e+00,3.18437915e+00,3.20135181e+00,3.21947610e+00,3.23715786e+00,3.25581665e+00,3.27593303e+00,3.29554423e+00,3.31503691e+00,3.32805770e+00,3.34807405e+00,3.36761542e+00,3.38446924e+00,3.40747177e+00
5,0.025000,2.00010002e-02,7.08249523e-02,7.05749902e-02,7.10802826e-02,6.91425594e-02,1.29161482e-01,1.39086072e-01,2.02875147e-01,2.06840568e-01,2.66274760e-01,3.13361800e-01,3.84025442e-01,3.55605988e-01,4.84082323e-01,7.42092693e-01,7.66777827e-01,5.41395685e-01,5.30686660e-01,7.28005100e-01,5.94271302e-01,5.42695058e-01,3.79869968e-01,5.30898618e-01,5.25041875e-01,5.08877059e-01,6.41686764e-01,6.30048998e-01,6.18105398e-01,6.10374288e-01,6.12269982e-01,6.77898109e-01,8.23518330e-01,6.24253595e-01,1.02965276e+00,6.99646295e-01,9.95966503e-01,7.93871764e-01,9.19132682e-01,7.61156665e-01,9.91809275e-01,8.94450815e-01,1.08312245e+00,9.02757176e-01,1.15155222e+00,1.11056877e+00,1.08373089e+00,1.07557565e+00,1.42889489e+00,1.26290655e+00,1.42398858e+00,1.31971278e+00,1.52056826e+00,1.49458212e+00,1.43110975e+00,1.40583132e+00,1.71757941e+00,1.54986379e+00,1.58749071e+00,1.51470412e+00,1.77290847e+00,1.59092526e+00,1.97289771e+00,1.44831573e+00,1.67072097e+00,1.57967280e+00,1.85584177e+00,1.68129678e+00,1.78601007e+00,1.75566883e+00,2.11362425e+00,1.67556004e+00,1.87558200e+00,1.89878536e+00,2.17941643e+00,1.92624091e+00,2.01734403e+00,2.09258426e+00,2.34419605e+00,2.40709686e+00,2.14223154e+00,2.29174284e+00,2.41878561e+00,2.59541899e+00,2.23400164e+00,2.19036022e+00,2.35450771e+00,3.00141756e+00,2.02410188e+00,2.06071023e+00,2.47684507e+00,2.83951515e+00,2.06520422e+00,2.09916461e+00,2.41551952e+00,2.79066024e+00,2.16208630e+00,2.02064217e+00,2.60858683e+00,2.94482052e+00,2.13959130e+00,2.30239128e+00,2.61013410e+00,2.91424086e+00,2.49244521e+00,2.26320880e+00,2.62887492e+00,2.79921200e+00,2.67490620e+00,2.31543375e+00,2.63442106e+00,3.02538573e+00,2.75657285e+00,2.31050752e+00,2.67965468e+00,2.83846885e+00,2.99784703e+00,2.21590951e+00,2.59365503e+00,2.95095492e+00,3.16391914e+00,2.18014918e+00,2.58093042e+00,2.91559641e+00,3.05506127e+00,2.34387813e+00,2.48168953e+00,2.79492470e+00,3.01232641e+00,2.41036456e+00,2.45599339e+00,2.74001907e+00,2.70731019e+00,2.50228396e+00,2.62857416e+00,2.63565988e+00,2.62205402e+00,2.68435739e+00,2.58961266e+00,2.68295340e+00,2.57463421e+00,2.49073387e+00,2.69011487e+00,2.64465548e+00,2.58421240e+00,2.56308507e+00,2.84930502e+00,2.52842151e+00,2.55904238e+00,2.60820351e+00,2.69924805e+00,2.54730826e+00,2.50098028e+00,2.46247280e+00,2.84744417e+00,2.51773921e+00,2.32358422e+00,2.51958162e+00,2.79127391e+00,2.57119621e+00,2.21959835e+00,2.46412303e+00,2.74942725e+00,2.70697786e+00,2.32504457e+00,2.30453240e+00,2.82014279e+00,2.58250334e+00,2.29080551e+00,2.35044003e+00,2.65736813e+00,2.88240197e+00,2.27175686e+00,2.26419490e+00,2.52540835e+00,2.76038200e+00,2.24166646e+00,2.26564687e+00,2.44944652e+00,2.85786757e+00,2.37540042e+00,2.12993251e+00,2.37882028e+00,2.77393962e+00,2.38082001e+00,2.04521026e+00,2.57762474e+00,2.77534279e+00,2.63268719e+00,2.02925838e+00,2.13195197e+00,2.68381255e+00,2.67054256e+00,2.09874270e+00,2.45892564e+00,2.44817878e+00,2.68214685e+00,2.10489692e+00,2.12492489e+00,2.58019634e+00,2.74322213e+00,2.09204964e+00,2.22030001e+00,2.12696938e+00,2.91252052e+00,2.25911641e+00,2.05173011e+00,2.48008109e+00,2.44785870e+00,2.26000170e+00,1.99398971e+00,2.20177248e+00,2.96164301e+00,2.29937489e+00,1.94576081e+00,2.09747707e+00,2.43167831e+00,2.74172877e+00,1.93028784e+00,2.27111557e+00,2.56413275e+00,2.41147123e+00,1.94563672e+00,1.82766009e+00,2.26290810e+00,2.56301431e+00,1.89453171e+00,2.40586899e+00,2.36410464e+00,3.01182192e+00,1.97719764e+00,1.66547868e+00,1.96693434e+00,2.14975619e+00,2.14074657e+00,2.65235604e+00,2.94295493e+00,3.78654293e+00,2.72846217e+00,1.86440009e+00,1.86772117e+00,2.27831134e+00,4.98833990e+00,4.58092594e+00,4.87802558e+00,4.76772624e+00,4.26478139e+00,4.27430575e+00,4.07811322e+00,3.59261640e+00,3.52935806e+00,3.18091175e+00,2.88117766e+00,2.79540651e+00,2.32170508e+00,1.99637331e+00,1.77271340e+00,1.70654114e+00,1.71998566e+00,1.73335088e+00,1.74660698e+00,1.76024448e+00,1.77353911e+00,1.78699881e+00,1.80058140e+00,1.81445879e+00,1.82804442e+00,1.84141963e+00,1.85533837e+00,1.86949934e+00,1.88361988e+00,1.89690386e+00,1.91088487e+00,1.92508230e+00,1.93931783e+00,1.95376420e+00,1.96721842e+00,1.98202359e+00,1.99645534e+00,2.01063257e+00,2.02472085e+00,2.03905240e+00,2.05437220e+00,2.06867920e+00,2.08303631e+00,2.09740860e+00,2.11240642e+00,2.12756810e+00,2.14212883e+00,2.15690845e+00,2.17157950e+00,2.18712036e+00,2.20197216e+00,2.21676775e+00,2.23251814e+00,2.24782102e+00,2.26277998e+00,2.27815573e+00,2.29304191e+00,2.30934400e+00,2.32483865e+00,2.34000658e+00,2.35507222e+00,2.37076777e+00,2.38708884e+00,2.40288391e+00,2.41804482e+00,2.43430558e+00,2.44993991e+00,2.46630063e+00,2.48210574e+00,2.49814770e+00,2.51441706e+00,2.52988517e+00,2.54666466e+00,2.56262053e+00,2.57943935e+00,2.59563498e+00,2.61171969e+00,2.62822470e+00,2.64475732e+00,2.66156404e+00,2.67851550e+00,2.69478362e+00,2.71107777e+00,2.72845914e+00,2.74506856e+00,2.76325979e+00,2.77893467e+00,2.79624144e+00,2.81272840e+00,2.82979927e+00,2.84775770e+00,2.86544902e+00,2.88270432e+00,2.89949488e+00,2.91683623e+00,2.93335811e+00,2.95184267e+00,2.96881738e+00,2.98800526e+00,3.00458893e+00,3.02191456e+00,3.03942438e+00,3.05733545e+00,3.07526961e+00,3.09348770e+00,3.11181038e+00,3.13021559e+00,3.14746812e+00,3.16675653e+00,3.18437902e+00,3.20135156e+00,3.21947579e+00,3.23715785e+00,3.25581624e+00,3.27593303e+00,3.29554381e+00,3.31503691e+00,3.32805770e+00,3.34807363e+00,3.36761542e+00,3.38446890e+00,3.40747177e+00
6,0.030000,2.00010002e-02,7.08035001e-02,7.05606549e-02,7.10655654e-02,6.91155488e-02,1.29166349e-01,1.39052164e-01,2.03007146e-01,2.06990002e-01,2.66085220e-01,3.13327652e-01,3.83754301e-01,3.55916537e-01,4.83957559e-01,7.42447999e-01,7.66617761e-01,5.41850373e-01,5.31016593e-01,7.28217702e-01,5.94143162e-01,5.43334305e-01,3.80498616e-01,5.31470841e-01,5.26001399e-01,5.09201882e-01,6.41799672e-01,6.29467780e-01,6.17663467e-01,6.10823636e-01,6.12699999e-01,6.76815685e-01,8.22660524e-01,6.24177788e-01,1.03060785e+00,6.99367567e-01,9.94917066e-01,7.94145081e-01,9.18898212e-01,7.60985304e-01,9.90803025e-01,8.95037297e-01,1.08234705e+00,9.00499290e-01,1.14739007e+00,1.10930944e+00,1.08060189e+00,1.07180254e+00,1.42514113e+00,1.26445840e+00,1.42355888e+00,1.31644584e+00,1.51758679e+00,1.49603375e+00,1.43104698e+00,1.40543617e+00,1.71962976e+00,1.55379977e+00,1.58692666e+00,1.51417964e+00,1.77623154e+00,1.59724319e+00,1.97297833e+00,1.44908713e+00,1.67232805e+00,1.58143129e+00,1.85568682e+00,1.68457978e+00,1.78550586e+00,1.75968226e+00,2.11873825e+00,1.67418785e+00,1.87754585e+00,1.90252017e+00,2.18572663e+00,1.92301848e+00,2.01212844e+00,2.09760426e+00,2.35307221e+00,2.40706476e+00,2.14673589e+00,2.29812017e+00,2.42540521e+00,2.59680263e+00,2.24005616e+00,2.20093241e+00,2.36830966e+00,3.00880253e+00,2.03637328e+00,2.07869914e+00,2.49386814e+00,2.85904822e+00,2.08049324e+00,2.12581407e+00,2.42224344e+00,2.80106099e+00,2.17949947e+00,2.03177220e+00,2.61448853e+00,2.96215367e+00,2.14971653e+00,2.32286298e+00,2.62075079e+00,2.95479145e+00,2.52858831e+00,2.28688674e+00,2.67054488e+00,2.81613213e+00,2.73238245e+00,2.36525529e+00,2.66261876e+00,3.05783338e+00,2.78775481e+00,2.33606083e+00,2.70160631e+00,2.88969184e+00,3.08569554e+00,2.23807686e+00,2.63692698e+00,3.05242964e+00,3.26555456e+00,2.24349667e+00,2.60822362e+00,2.98418480e+00,3.17413127e+00,2.39830998e+00,2.52586693e+00,2.83879847e+00,3.06235018e+00,2.50863823e+00,2.50924789e+00,2.80503239e+00,2.83059285e+00,2.58707630e+00,2.67436274e+00,2.70243038e+00,2.70952396e+00,2.77109434e+00,2.61185932e+00,2.71586975e+00,2.64472094e+00,2.58413678e+00,2.78820842e+00,2.72989284e+00,2.69436211e+00,2.67744757e+00,2.93361521e+00,2.59671571e+00,2.64541782e+00,2.72751686e+00,2.75567991e+00,2.63184031e+00,2.57783902e+00,2.57500486e+00,2.91994674e+00,2.60205927e+00,2.39485977e+00,2.62350578e+00,2.87717401e+00,2.64260381e+00,2.32019370e+00,2.55440827e+00,2.85472530e+00,2.79525416e+00,2.37256181e+00,2.36866674e+00,2.90052387e+00,2.63988721e+00,2.36345581e+00,2.44218634e+00,2.71286500e+00,2.89180912e+00,2.35120124e+00,2.31112883e+00,2.59244873e+00,2.85651263e+00,2.27274201e+00,2.33687440e+00,2.53187378e+00,2.91270884e+00,2.44229779e+00,2.19098578e+00,2.41255697e+00,2.84881789e+00,2.38459603e+00,2.07841301e+00,2.59786501e+00,2.81451948e+00,2.66334563e+00,2.07652245e+00,2.17961914e+00,2.71654497e+00,2.74164950e+00,2.15849723e+00,2.49471846e+00,2.46428158e+00,2.72127947e+00,2.17221942e+00,2.13422834e+00,2.57844716e+00,2.76862735e+00,2.11986045e+00,2.25302626e+00,2.15098476e+00,2.91152376e+00,2.28271540e+00,2.06110687e+00,2.48409734e+00,2.47815363e+00,2.28901839e+00,1.99904409e+00,2.22003362e+00,2.95843521e+00,2.31646573e+00,1.94919716e+00,2.10760663e+00,2.42836240e+00,2.77396912e+00,1.92914861e+00,2.25800349e+00,2.55255504e+00,2.40651533e+00,1.93833151e+00,1.83712725e+00,2.24778025e+00,2.55055031e+00,1.89425863e+00,2.40505422e+00,2.35145965e+00,3.02863349e+00,1.96893630e+00,1.66525921e+00,1.95866536e+00,2.15182446e+00,2.16637270e+00,2.67355830e+00,2.95843861e+00,3.85621860e+00,2.75244957e+00,1.86543764e+00,1.86325188e+00,2.26317207e+00,4.85932411e+00,4.47144648e+00,4.76214985e+00,4.65952089e+00,4.17700184e+00,4.19315949e+00,4.00695693e+00,3.53934862e+00,3.48427379e+00,3.14774528e+00,2.85867456e+00,2.78031111e+00,2.31412972e+00,1.99314076e+00,1.77187666e+00,1.70654101e+00,1.71998551e+00,1.73335073e+00,1.74660684e+00,1.76024432e+00,1.77353898e+00,1.78699865e+00,1.80058124e+00,1.81445863e+00,1.82804427e+00,1.84141949e+00,1.85533821e+00,1.86949917e+00,1.88361973e+00,1.89690371e+00,1.91088472e+00,1.92508212e+00,1.93931769e+00,1.95376402e+00,1.96721826e+00,1.98202342e+00,1.99645515e+00,2.01063243e+00,2.02472067e+00,2.03905222e+00,2.05437202e+00,2.06867903e+00,2.08303615e+00,2.09740841e+00,2.11240625e+00,2.12756792e+00,2.14212866e+00,2.15690826e+00,2.17157930e+00,2.18712020e+00,2.20197197e+00,2.21676757e+00,2.23251794e+00,2.24782082e+00,2.26277982e+00,2.27815554e+00,2.29304170e+00,2.30934379e+00,2.32483843e+00,2.34000641e+00,2.35507198e+00,2.37076761e+00,2.38708863e+00,2.40288372e+00,2.41804460e+00,2.43430537e+00,2.44993972e+00,2.46630039e+00,2.48210558e+00,2.49814747e+00,2.51441686e+00,2.52988499e+00,2.54666440e+00,2.56262033e+00,2.57943909e+00,2.59563477e+00,2.61171952e+00,2.62822444e+00,2.64475709e+00,2.66156376e+00,2.67851533e+00,2.69478338e+00,2.71107753e+00,2.72845896e+00,2.74506827e+00,2.76325958e+00,2.77893442e+00,2.79624122e+00,2.81272821e+00,2.82979897e+00,2.84775753e+00,2.86544873e+00,2.88270408e+00,2.89949461e+00,2.91683596e+00,2.93335799e+00,2.95184234e+00,2.96881716e+00,2.98800499e+00,3.00458867e+00,3.02191435e+00,3.03942409e+00,3.05733522e+00,3.07526935e+00,3.09348743e+00,3.11181023e+00,3.13021522e+00,3.14746806e+00,3.16675612e+00,3.18437889e+00,3.20135131e+00,3.21947548e+00,3.23715785e+00,3.25581584e+00,3.27593303e+00,3.29554340e+00,3.31503691e+00,3.32805770e+00,3.34807320e+00,3.36761542e+00,3.38446855e+00,3.40747177e+00
7,0.035000,2.00010002e-02,7.07818982e-02,7.05461906e-02,7.10508868e-02,6.90885648e-02,1.29171347e-01,1.39018140e-01,2.03140288e-01,2.07138720e-01,2.65896337e-01,3.13294625e-01,3.83486850e-01,3.56231775e-01,4.83831493e-01,7.42791328e-01,7.66450986e-01,5.42292516e-01,5.31326858e-01,7.28430239e-01,5.94017057e-01,5.43998574e-01,3.81075410e-01,5.32001239e-01,5.26951572e-01,5.09524183e-01,6.41868840e-01,6.28827298e-01,6.17143256e-01,6.11335741e-01,6.12881283e-01,6.75824371e-01,8.21630750e-01,6.24252945e-01,1.03201129e+00,6.99325318e-01,9.93653123e-01,7.94053206e-01,9.18614598e-01,7.60086360e-01,9.89978710e-01,8.95906427e-01,1.08242614e+00,8.98233659e-01,1.14496206e+00,1.10827984e+00,1.07764810e+00,1.06735279e+00,1.42249816e+00,1.26486112e+00,1.42342178e+00,1.31251006e+00,1.51754108e+00,1.49683361e+00,1.43464949e+00,1.40198541e+00,1.72494374e+00,1.55736438e+00,1.58782138e+00,1.51360624e+00,1.78298419e+00,1.60489985e+00,1.97748819e+00,1.45479952e+00,1.67977338e+00,1.58551619e+00,1.86122904e+00,1.69371815e+00,1.79344219e+00,1.76547568e+00,2.13402046e+00,1.67806071e+00,1.88185105e+00,1.91606408e+00,2.20169443e+00,1.93584208e+00,2.03009749e+00,2.12020293e+00,2.36870501e+00,2.42691737e+00,2.16720562e+00,2.31846661e+00,2.45638045e+00,2.62621389e+00,2.28527307e+00,2.22943987e+00,2.41222979e+00,3.03031523e+00,2.08667376e+00,2.11176034e+00,2.52097123e+00,2.91295841e+00,2.13685426e+00,2.16262714e+00,2.46695182e+00,2.85412053e+00,2.24506719e+00,2.08910818e+00,2.68558217e+00,3.07529940e+00,2.25464983e+00,2.40772672e+00,2.71927913e+00,3.07274357e+00,2.65459760e+00,2.38382489e+00,2.77940843e+00,2.95213089e+00,2.82666312e+00,2.47923567e+00,2.77816183e+00,3.22826690e+00,3.01312258e+00,2.44721103e+00,2.86851580e+00,3.05029714e+00,3.26218047e+00,2.46142228e+00,2.77468584e+00,3.16168628e+00,3.59555858e+00,2.41004942e+00,2.78144772e+00,3.17484550e+00,3.44599086e+00,2.62887692e+00,2.69985010e+00,3.05767874e+00,3.43598953e+00,2.79391335e+00,2.66872036e+00,3.02641174e+00,3.11658737e+00,2.87665821e+00,2.84975284e+00,2.91577473e+00,3.04922276e+00,3.14700717e+00,2.84586401e+00,3.00088944e+00,3.00701548e+00,2.94006904e+00,3.06524421e+00,3.07366442e+00,2.97170807e+00,3.10503057e+00,3.18666241e+00,2.88762901e+00,2.92864207e+00,3.11006938e+00,2.98278407e+00,2.90398714e+00,2.90245582e+00,2.93453352e+00,3.24068760e+00,2.84038322e+00,2.75657681e+00,2.93929726e+00,3.13499082e+00,2.92462245e+00,2.56436839e+00,2.92467188e+00,3.07393406e+00,3.05399798e+00,2.62805649e+00,2.66349006e+00,3.09277985e+00,2.87736584e+00,2.63051517e+00,2.65925747e+00,2.95082102e+00,3.17851390e+00,2.52720252e+00,2.52621921e+00,2.79838478e+00,3.05328104e+00,2.47006660e+00,2.51529734e+00,2.61384276e+00,3.10874503e+00,2.62170281e+00,2.31584650e+00,2.53342642e+00,2.93220998e+00,2.60794472e+00,2.19913504e+00,2.78413723e+00,2.92844707e+00,2.88939635e+00,2.20676656e+00,2.29012597e+00,2.83339594e+00,2.90610203e+00,2.26045573e+00,2.61552948e+00,2.56310431e+00,2.90034460e+00,2.25288922e+00,2.22644664e+00,2.69177053e+00,2.91574517e+00,2.21274779e+00,2.34855948e+00,2.24931344e+00,3.03050588e+00,2.38521912e+00,2.10077673e+00,2.53908996e+00,2.51670417e+00,2.35552068e+00,2.03122516e+00,2.25761442e+00,2.96527706e+00,2.33161582e+00,1.95653500e+00,2.11596252e+00,2.44368499e+00,2.76784276e+00,1.93497554e+00,2.26283961e+00,2.54181783e+00,2.42210178e+00,1.95748563e+00,1.84393561e+00,2.24064362e+00,2.55235564e+00,1.89866541e+00,2.39521909e+00,2.35635093e+00,3.04015517e+00,1.99845876e+00,1.66345110e+00,1.97115892e+00,2.15197586e+00,2.21041294e+00,2.69461606e+00,2.96306740e+00,3.91197939e+00,2.79046603e+00,1.86628855e+00,1.87456615e+00,2.28546331e+00,4.73478809e+00,4.36534193e+00,4.64947193e+00,4.55396045e+00,4.09105629e+00,4.11318832e+00,3.93652726e+00,3.48632848e+00,3.43903269e+00,3.11426048e+00,2.83576760e+00,2.76474630e+00,2.30629163e+00,1.98978506e+00,1.77100766e+00,1.70654087e+00,1.71998536e+00,1.73335058e+00,1.74660669e+00,1.76024417e+00,1.77353884e+00,1.78699850e+00,1.80058109e+00,1.81445848e+00,1.82804413e+00,1.84141936e+00,1.85533804e+00,1.86949899e+00,1.88361958e+00,1.89690356e+00,1.91088457e+00,1.92508195e+00,1.93931754e+00,1.95376384e+00,1.96721810e+00,1.98202326e+00,1.99645496e+00,2.01063228e+00,2.02472049e+00,2.03905204e+00,2.05437184e+00,2.06867886e+00,2.08303600e+00,2.09740821e+00,2.11240609e+00,2.12756774e+00,2.14212848e+00,2.15690808e+00,2.17157910e+00,2.18712004e+00,2.20197177e+00,2.21676739e+00,2.23251774e+00,2.24782063e+00,2.26277966e+00,2.27815535e+00,2.29304150e+00,2.30934358e+00,2.32483821e+00,2.34000623e+00,2.35507173e+00,2.37076744e+00,2.38708841e+00,2.40288352e+00,2.41804439e+00,2.43430516e+00,2.44993953e+00,2.46630016e+00,2.48210542e+00,2.49814725e+00,2.51441667e+00,2.52988481e+00,2.54666414e+00,2.56262013e+00,2.57943883e+00,2.59563457e+00,2.61171934e+00,2.62822417e+00,2.64475687e+00,2.66156348e+00,2.67851515e+00,2.69478314e+00,2.71107729e+00,2.72845877e+00,2.74506797e+00,2.76325937e+00,2.77893416e+00,2.79624100e+00,2.81272802e+00,2.82979867e+00,2.84775735e+00,2.86544844e+00,2.88270385e+00,2.89949434e+00,2.91683570e+00,2.93335786e+00,2.95184202e+00,2.96881694e+00,2.98800472e+00,3.00458840e+00,3.02191413e+00,3.03942379e+00,3.05733499e+00,3.07526909e+00,3.09348716e+00,3.11181008e+00,3.13021485e+00,3.14746800e+00,3.16675571e+00,3.18437875e+00,3.20135106e+00,3.21947517e+00,3.23715784e+00,3.25581543e+00,3.27593302e+00,3.29554298e+00,3.31503691e+00,3.32805770e+00,3.34807278e+00,3.36761542e+00,3.38446821e+00,3.40747177e+00
8,0.040000,2.00010002e-02,7.07602733e-02,7.05317546e-02,7.10362117e-02,6.90616015e-02,1.29176349e-01,1.38984356e-01,2.03272787e-01,2.07289280e-01,2.65708542e-01,3.13263945e-01,3.83220712e-01,3.56547360e-01,4.83709058e-01,7.43117415e-01,7.66280392e-01,5.42743395e-01,5.31650595e-01,7.28616662e-01,5.93918058e-01,5.44675367e-01,3.81714441e-01,5.32625134e-01,5.27867373e-01,5.09862309e-01,6.41985831e-01,6.28279147e-01,6.16715708e-01,6.11781943e-01,6.13420495e-01,6.74756446e-01,8.20884811e-01,6.24093007e-01,1.03283369e+00,6.99167380e-01,9.92966882e-01,7.94476506e-01,9.18365074e-01,7.61390520e-01,9.88595136e-01,8.96740327e-01,1.08190640e+00,8.96552505e-01,1.14191988e+00,1.10710412e+00,1.07442670e+00,1.06359950e+00,1.41931928e+00,1.26738552e+00,1.42457307e+00,1.31118107e+00,1.52071722e+00,1.50219188e+00,1.43717152e+00,1.40933052e+00,1.73603919e+00,1.56829209e+00,1.59898095e+00,1.53192185e+00,1.80585192e+00,1.62496872e+00,2.00177298e+00,1.47892681e+00,1.70566393e+00,1.60559715e+00,1.89364294e+00,1.72727765e+00,1.82939345e+00,1.79613146e+00,2.17863138e+00,1.73081484e+00,1.92708390e+00,1.97390953e+00,2.24721636e+00,1.99594253e+00,2.08228862e+00,2.17693425e+00,2.45181739e+00,2.52039279e+00,2.24179391e+00,2.39340589e+00,2.54525952e+00,2.71456602e+00,2.39831824e+00,2.30828284e+00,2.50840424e+00,3.15143770e+00,2.24676389e+00,2.22304597e+00,2.68351998e+00,3.12122889e+00,2.32296369e+00,2.34850274e+00,2.64181621e+00,3.11994698e+00,2.44679442e+00,2.30556183e+00,2.84561451e+00,3.45056876e+00,2.45664143e+00,2.71625332e+00,2.94438821e+00,3.51980203e+00,2.99130924e+00,2.76411654e+00,3.10495574e+00,3.49911884e+00,3.32503247e+00,2.96657125e+00,3.15259841e+00,3.83526982e+00,3.50361433e+00,2.93493720e+00,3.30472318e+00,3.49440290e+00,3.97112915e+00,2.89611549e+00,3.26502006e+00,3.86383785e+00,4.44906593e+00,3.01935750e+00,3.28451767e+00,3.96658577e+00,4.43830716e+00,3.28496284e+00,3.28942513e+00,3.63449383e+00,4.27388272e+00,3.64008639e+00,3.19677415e+00,3.69692332e+00,3.93235329e+00,3.73981688e+00,3.49052581e+00,3.60066357e+00,4.06191279e+00,4.13202094e+00,3.30249840e+00,3.62669161e+00,3.69725810e+00,3.86000038e+00,3.74538577e+00,3.84476597e+00,3.87484963e+00,4.11475997e+00,3.79448972e+00,3.50363417e+00,3.79318871e+00,4.03155190e+00,3.56993939e+00,3.57072941e+00,3.67003290e+00,3.70193766e+00,3.89963398e+00,3.51472273e+00,3.43925206e+00,3.66752180e+00,3.76357874e+00,3.55165250e+00,3.11582850e+00,3.70981532e+00,3.73328202e+00,3.61163464e+00,3.17624857e+00,3.18567803e+00,3.65869125e+00,3.40706803e+00,3.07781404e+00,3.17600394e+00,3.31485113e+00,3.67785202e+00,2.95327691e+00,2.89129315e+00,3.19212773e+00,3.44601847e+00,2.86599885e+00,2.77421513e+00,2.99586278e+00,3.62629129e+00,2.91201521e+00,2.62107822e+00,2.84990682e+00,3.32381087e+00,2.91373083e+00,2.50488617e+00,2.99470479e+00,3.26774612e+00,3.10059877e+00,2.45169674e+00,2.47782162e+00,3.13789725e+00,3.15725477e+00,2.48747705e+00,2.82029718e+00,2.83493247e+00,3.21526848e+00,2.49434277e+00,2.39728055e+00,2.86422027e+00,3.10201690e+00,2.43827699e+00,2.50021409e+00,2.42594433e+00,3.14415333e+00,2.54413512e+00,2.18679499e+00,2.61398096e+00,2.64242977e+00,2.45332278e+00,2.11497312e+00,2.30043153e+00,3.03134780e+00,2.36541071e+00,1.97138399e+00,2.14217524e+00,2.46266256e+00,2.82707075e+00,1.96163711e+00,2.26861964e+00,2.53946330e+00,2.43802120e+00,1.95366304e+00,1.84945550e+00,2.23714505e+00,2.55230908e+00,1.90209056e+00,2.39779327e+00,2.34810557e+00,3.04131702e+00,2.01291767e+00,1.67359068e+00,1.98605979e+00,2.17134058e+00,2.31146517e+00,2.79397656e+00,3.00171245e+00,4.11490538e+00,2.87898245e+00,1.88658691e+00,1.90630939e+00,2.32213931e+00,4.61460215e+00,4.26253909e+00,4.53997951e+00,4.45106789e+00,4.00697287e+00,4.03446729e+00,3.86690539e+00,3.43361886e+00,3.39370197e+00,3.08050279e+00,2.81248277e+00,2.74872554e+00,2.29819248e+00,1.98630514e+00,1.77010581e+00,1.70654074e+00,1.71998521e+00,1.73335043e+00,1.74660655e+00,1.76024401e+00,1.77353871e+00,1.78699835e+00,1.80058093e+00,1.81445832e+00,1.82804398e+00,1.84141922e+00,1.85533787e+00,1.86949882e+00,1.88361943e+00,1.89690340e+00,1.91088442e+00,1.92508177e+00,1.93931740e+00,1.95376366e+00,1.96721794e+00,1.98202310e+00,1.99645477e+00,2.01063214e+00,2.02472031e+00,2.03905186e+00,2.05437166e+00,2.06867869e+00,2.08303585e+00,2.09740802e+00,2.11240592e+00,2.12756755e+00,2.14212831e+00,2.15690790e+00,2.17157890e+00,2.18711988e+00,2.20197157e+00,2.21676720e+00,2.23251754e+00,2.24782044e+00,2.26277950e+00,2.27815516e+00,2.29304130e+00,2.30934337e+00,2.32483800e+00,2.34000606e+00,2.35507149e+00,2.37076728e+00,2.38708819e+00,2.40288333e+00,2.41804417e+00,2.43430495e+00,2.44993934e+00,2.46629992e+00,2.48210525e+00,2.49814702e+00,2.51441647e+00,2.52988463e+00,2.54666388e+00,2.56261992e+00,2.57943857e+00,2.59563436e+00,2.61171917e+00,2.62822391e+00,2.64475664e+00,2.66156319e+00,2.67851497e+00,2.69478291e+00,2.71107705e+00,2.72845859e+00,2.74506768e+00,2.76325916e+00,2.77893391e+00,2.79624078e+00,2.81272783e+00,2.82979836e+00,2.84775718e+00,2.86544815e+00,2.88270361e+00,2.89949407e+00,2.91683543e+00,2.93335774e+00,2.95184169e+00,2.96881672e+00,2.98800444e+00,3.00458813e+00,3.02191391e+00,3.03942350e+00,3.05733476e+00,3.07526883e+00,3.09348688e+00,3.11180993e+00,3.13021448e+00,3.14746794e+00,3.16675530e+00,3.18437862e+00,3.20135082e+00,3.21947486e+00,3.23715783e+00,3.25581502e+00,3.27593302e+00,3.29554256e+00,3.31503691e+00,3.32805770e+00,3.34807236e+00,3.36761542e+00,3.38446786e+00,3.40747177e+00
9,0.045000,2.00010002e-02,7.07386369e-02,7.05172862e-02,7.10215692e-02,6.90346599e-02,1.29181394e-01,1.38950624e-01,2.03406034e-01,2.07438767e-01,2.65521266e-01,3.13234459e-01,3.82958852e-01,3.56865897e-01,4.83588457e-01,7.43435681e-01,7.66093249e-01,5.43185206e-01,5.31955021e-01,7.28819779e-01,5.93771484e-01,5.45292800e-01,3.82317142e-01,5.33160193e-01,5.28885821e-01,5.10175099e-01,6.42052877e-01,6.27658254e-01,6.16236995e-01,6.12321152e-01,6.13452007e-01,6.73659565e-01,8.19853739e-01,6.24237481e-01,1.03427905e+00,6.98972013e-01,9.91485021e-01,7.94391759e-01,9.18369800e-01,7.59343679e-01,9.88864445e-01,8.97602433e-01,1.08194060e+00,8.95177460e-01,1.13969451e+00,1.10716498e+00,1.07510794e+00,1.06497647e+00,1.42337331e+00,1.27203765e+00,1.43240706e+00,1.31570853e+00,1.53506030e+00,1.51363287e+00,1.46155808e+00,1.42797143e+00,1.78328200e+00,1.59631388e+00,1.65130207e+00,1.57783110e+00,1.88247334e+00,1.70611223e+00,2.06674259e+00,1.55964884e+00,1.82112980e+00,1.66820629e+00,2.02609130e+00,1.86045216e+00,1.97097266e+00,1.91395157e+00,2.32981861e+00,1.91028233e+00,2.07905884e+00,2.16547457e+00,2.41883931e+00,2.20382862e+00,2.34390056e+00,2.42096569e+00,2.69261413e+00,2.90105690e+00,2.57862769e+00,2.58937453e+00,2.93562703e+00,3.01743010e+00,2.82638137e+00,2.67658991e+00,2.90500501e+00,3.55055021e+00,2.86882424e+00,2.62190684e+00,3.21176569e+00,3.78658095e+00,3.00177929e+00,2.85699494e+00,3.16829135e+00,3.89162364e+00,3.19563759e+00,3.03354308e+00,3.39475704e+00,4.65304574e+00,3.57111027e+00,3.65128279e+00,4.00894205e+00,4.90316866e+00,4.56794982e+00,3.87618611e+00,4.28102670e+00,5.14195585e+00,4.99625558e+00,4.26413235e+00,4.54915962e+00,5.54620437e+00,5.61865996e+00,4.21553741e+00,4.57969411e+00,5.36809797e+00,6.23181652e+00,4.33471383e+00,4.81657980e+00,5.93133784e+00,7.04843802e+00,4.63678173e+00,4.85229895e+00,5.98218084e+00,7.31332629e+00,5.14710261e+00,4.95148675e+00,5.47139875e+00,6.75942509e+00,5.90703816e+00,4.75333958e+00,5.72480953e+00,6.17318255e+00,5.95245978e+00,5.25439765e+00,5.46385436e+00,6.33608984e+00,6.66326983e+00,4.91705007e+00,5.50496854e+00,5.77415477e+00,6.32535216e+00,5.76421709e+00,6.06543383e+00,6.04866141e+00,6.74618213e+00,5.53372690e+00,5.22509447e+00,5.98338600e+00,6.07976809e+00,5.21599769e+00,5.56933543e+00,5.40116691e+00,5.64131303e+00,5.70627248e+00,5.21268852e+00,5.27385353e+00,5.63802879e+00,5.43997781e+00,5.01521625e+00,4.45950286e+00,5.68210974e+00,5.11869471e+00,5.06655254e+00,4.55826067e+00,4.53022268e+00,4.98770514e+00,4.72103975e+00,4.24254484e+00,4.36005961e+00,4.27365044e+00,5.14423139e+00,3.91549290e+00,3.66575567e+00,4.32139736e+00,4.52346247e+00,3.83207378e+00,3.66393475e+00,3.63023211e+00,4.44923820e+00,3.79925185e+00,3.32767444e+00,3.57367325e+00,3.87964145e+00,3.60182691e+00,2.99904487e+00,3.67278015e+00,4.00205483e+00,3.94757760e+00,3.05298542e+00,3.06374712e+00,3.60385423e+00,3.88118334e+00,2.89790524e+00,3.29971332e+00,3.31283830e+00,3.91363121e+00,2.89057382e+00,2.69117823e+00,3.21817785e+00,3.61164286e+00,2.73470793e+00,2.83909913e+00,2.73868727e+00,3.52414501e+00,2.80479289e+00,2.37894638e+00,2.78503431e+00,2.82056510e+00,2.64202771e+00,2.24314196e+00,2.44051580e+00,3.09703500e+00,2.45134354e+00,2.01771695e+00,2.15864324e+00,2.52749119e+00,2.86245742e+00,1.97854193e+00,2.27761359e+00,2.53190710e+00,2.43732911e+00,1.97710720e+00,1.86940779e+00,2.22971742e+00,2.54938725e+00,1.91543955e+00,2.39147077e+00,2.35459316e+00,3.07881284e+00,2.05735699e+00,1.70380690e+00,2.02106133e+00,2.19573349e+00,2.42184992e+00,2.88302926e+00,3.12722337e+00,4.42537735e+00,2.94897739e+00,1.90083690e+00,1.93287477e+00,2.38321822e+00,4.49862974e+00,4.16295764e+00,4.43364418e+00,4.35084913e+00,3.92476845e+00,3.95705848e+00,3.79816200e+00,3.38127714e+00,3.34834519e+00,3.04651639e+00,2.78884618e+00,2.73226299e+00,2.28983422e+00,1.98270000e+00,1.76917053e+00,1.70654061e+00,1.71998507e+00,1.73335029e+00,1.74660640e+00,1.76024385e+00,1.77353858e+00,1.78699819e+00,1.80058078e+00,1.81445817e+00,1.82804383e+00,1.84141909e+00,1.85533771e+00,1.86949865e+00,1.88361928e+00,1.89690325e+00,1.91088427e+00,1.92508159e+00,1.93931725e+00,1.95376348e+00,1.96721778e+00,1.98202293e+00,1.99645458e+00,2.01063199e+00,2.02472013e+00,2.03905168e+00,2.05437148e+00,2.06867852e+00,2.08303569e+00,2.09740783e+00,2.11240576e+00,2.12756737e+00,2.14212813e+00,2.15690771e+00,2.17157870e+00,2.18711972e+00,2.20197138e+00,2.21676702e+00,2.23251734e+00,2.24782024e+00,2.26277934e+00,2.27815497e+00,2.29304110e+00,2.30934316e+00,2.32483778e+00,2.34000588e+00,2.35507124e+00,2.37076711e+00,2.38708798e+00,2.40288313e+00,2.41804396e+00,2.43430474e+00,2.44993915e+00,2.46629969e+00,2.48210509e+00,2.49814679e+00,2.51441627e+00,2.52988445e+00,2.54666362e+00,2.56261972e+00,2.57943832e+00,2.59563415e+00,2.61171900e+00,2.62822364e+00,2.64475642e+00,2.66156291e+00,2.67851479e+00,2.69478267e+00,2.71107681e+00,2.72845840e+00,2.74506739e+00,2.76325895e+00,2.77893365e+00,2.79624056e+00,2.81272764e+00,2.82979806e+00,2.84775701e+00,2.86544785e+00,2.88270337e+00,2.89949381e+00,2.91683516e+00,2.93335761e+00,2.95184136e+00,2.96881650e+00,2.98800417e+00,3.00458787e+00,3.02191370e+00,3.03942320e+00,3.05733453e+00,3.07526857e+00,3.09348661e+00,3.11180979e+00,3.13021411e+00,3.14746788e+00,3.16675489e+00,3.18437848e+00,3.20135057e+00,3.21947455e+00,3.23715783e+00,3.25581462e+00,3.27593302e+00,3.29554214e+00,3.31503690e+00,3.32805770e+00,3.34807193e+00,3.36761542e+00,3.38446752e+00,3.40747177e+00
10,0.050000,2.00010002e-02,7.07169359e-02,7.05027798e-02,7.10069279e-02,6.90077404e-02,1.29186520e-01,1.38916923e-01,2.03539157e-01,2.07590022e-01,2.65334424e-01,3.13206898e-01,3.82698635e-01,3.57186418e-01,4.83466550e-01,7.43739933e-01,7.65908222e-01,5.43629050e-01,5.32263688e-01,7.28982243e-01,5.93690250e-01,5.45988684e-01,3.82959960e-01,5.33771287e-01,5.29788234e-01,5.10524846e-01,6.42166560e-01,6.27058880e-01,6.15700537e-01,6.12848690e-01,6.13999533e-01,6.72745975e-01,8.19199792e-01,6.24108786e-01,1.03534095e+00,6.99027865e-01,9.91055011e-01,7.94680861e-01,9.18070263e-01,7.62524803e-01,9.88516614e-01,8.99358450e-01,1.08440933e+00,8.96445744e-01,1.14166583e+00,1.10826605e+00,1.07637695e+00,1.07329379e+00,1.43684504e+00,1.28098444e+00,1.45822928e+00,1.34067840e+00,1.59666708e+00,1.55692875e+00,1.51884377e+00,1.50251349e+00,1.93522313e+00,1.68920761e+00,1.80292438e+00,1.78715674e+00,2.17723093e+00,1.94030081e+00,2.31835528e+00,1.85078706e+00,2.21729195e+00,1.89678289e+00,2.49682188e+00,2.26212694e+00,2.50441677e+00,2.26670658e+00,2.87064310e+00,2.47724711e+00,2.76970576e+00,2.65664541e+00,3.11347756e+00,2.88907830e+00,3.12522391e+00,3.21117121e+00,3.53611614e+00,3.94903453e+00,3.66017466e+00,3.23843541e+00,4.15481453e+00,4.00242413e+00,4.08593858e+00,3.67779404e+00,4.04088421e+00,5.00149562e+00,4.26725867e+00,3.87618021e+00,4.77977467e+00,5.74681942e+00,4.85031966e+00,4.54030090e+00,4.67199464e+00,6.14769873e+00,5.64009051e+00,4.69285896e+00,5.70498142e+00,7.35339774e+00,6.65108812e+00,6.01656541e+00,6.65771755e+00,8.24110565e+00,8.46044339e+00,6.33018544e+00,7.84144782e+00,8.75659090e+00,9.42486890e+00,7.54881298e+00,8.11983589e+00,9.67895494e+00,1.05851027e+01,7.58524551e+00,7.63167377e+00,9.64407141e+00,1.12547970e+01,7.87880808e+00,8.27765185e+00,1.08587483e+01,1.32417913e+01,8.27009275e+00,8.57158180e+00,1.11790573e+01,1.35348890e+01,9.69402932e+00,8.39415573e+00,9.89647137e+00,1.25413984e+01,1.07850986e+01,8.40259142e+00,1.01348905e+01,1.11124950e+01,1.07277471e+01,9.43206132e+00,9.96618751e+00,1.15925002e+01,1.17426749e+01,8.70140580e+00,9.71630410e+00,1.02341070e+01,1.11865244e+01,9.93602554e+00,1.07794650e+01,1.02423639e+01,1.19440319e+01,9.92378105e+00,8.97353466e+00,1.00692853e+01,1.04978880e+01,8.85452254e+00,9.48155691e+00,9.22211909e+00,1.00024781e+01,9.60749898e+00,8.37308628e+00,8.78595178e+00,9.76732872e+00,9.08783333e+00,8.27103240e+00,7.45955286e+00,9.31199747e+00,8.15569139e+00,8.45648744e+00,7.19760492e+00,7.20214308e+00,7.97250473e+00,7.78996914e+00,6.48774570e+00,6.58027566e+00,6.82113617e+00,7.70057748e+00,5.79648875e+00,5.64251698e+00,6.11057977e+00,6.74060893e+00,5.88251390e+00,5.35248780e+00,5.23473336e+00,6.15020387e+00,5.31998514e+00,4.88407571e+00,5.21163315e+00,5.63472128e+00,5.24243973e+00,4.00788558e+00,5.02481261e+00,5.59746892e+00,5.48262132e+00,4.35870259e+00,4.01470861e+00,4.82792297e+00,5.03348597e+00,3.83330656e+00,4.21343767e+00,4.47482945e+00,5.05589442e+00,3.85904970e+00,3.45243796e+00,4.11529808e+00,4.57836116e+00,3.44076176e+00,3.52194793e+00,3.35139712e+00,4.19776043e+00,3.46321996e+00,2.77885935e+00,3.11113454e+00,3.19485978e+00,3.02324725e+00,2.50166895e+00,2.63588814e+00,3.30665113e+00,2.57398412e+00,2.10395107e+00,2.22982430e+00,2.62370367e+00,2.95462983e+00,2.02591978e+00,2.32420353e+00,2.54500705e+00,2.47812019e+00,1.99580394e+00,1.87183017e+00,2.23624394e+00,2.55776182e+00,1.91987932e+00,2.39443615e+00,2.35251955e+00,3.08540127e+00,2.11318021e+00,1.74440894e+00,2.03480962e+00,2.21374213e+00,2.60066557e+00,3.04284081e+00,3.34405232e+00,5.21531901e+00,3.13995261e+00,1.91031934e+00,1.95002887e+00,2.46018401e+00,4.38673004e+00,4.06651203e+00,4.33042432e+00,4.25329566e+00,3.84445004e+00,3.88101222e+00,3.73035795e+00,3.32935533e+00,3.30302212e+00,3.01234408e+00,2.76488393e+00,2.71537342e+00,2.28121907e+00,1.97896868e+00,1.76820121e+00,1.70654047e+00,1.71998492e+00,1.73335014e+00,1.74660625e+00,1.76024369e+00,1.77353844e+00,1.78699804e+00,1.80058062e+00,1.81445801e+00,1.82804368e+00,1.84141896e+00,1.85533754e+00,1.86949847e+00,1.88361913e+00,1.89690310e+00,1.91088412e+00,1.92508142e+00,1.93931711e+00,1.95376330e+00,1.96721761e+00,1.98202277e+00,1.99645439e+00,2.01063185e+00,2.02471995e+00,2.03905150e+00,2.05437130e+00,2.06867836e+00,2.08303554e+00,2.09740763e+00,2.11240559e+00,2.12756719e+00,2.14212795e+00,2.15690753e+00,2.17157850e+00,2.18711956e+00,2.20197118e+00,2.21676684e+00,2.23251714e+00,2.24782005e+00,2.26277917e+00,2.27815477e+00,2.29304089e+00,2.30934296e+00,2.32483756e+00,2.34000571e+00,2.35507100e+00,2.37076695e+00,2.38708776e+00,2.40288294e+00,2.41804374e+00,2.43430453e+00,2.44993896e+00,2.46629945e+00,2.48210493e+00,2.49814656e+00,2.51441607e+00,2.52988427e+00,2.54666336e+00,2.56261951e+00,2.57943806e+00,2.59563394e+00,2.61171882e+00,2.62822338e+00,2.64475619e+00,2.66156263e+00,2.67851461e+00,2.69478243e+00,2.71107657e+00,2.72845822e+00,2.74506709e+00,2.76325874e+00,2.77893340e+00,2.79624034e+00,2.81272745e+00,2.82979776e+00,2.84775683e+00,2.86544756e+00,2.88270313e+00,2.89949354e+00,2.91683490e+00,2.93335749e+00,2.95184104e+00,2.96881628e+00,2.98800389e+00,3.00458760e+00,3.02191348e+00,3.03942291e+00,3.05733430e+00,3.07526831e+00,3.09348633e+00,3.11180964e+00,3.13021374e+00,3.14746782e+00,3.16675448e+00,3.18437835e+00,3.20135032e+00,3.21947424e+00,3.23715782e+00,3.25581421e+00,3.27593302e+00,3.29554172e+00,3.31503690e+00,3.32805770e+00,3.34807151e+00,3.36761542e+00,3.38446717e+00,3.40747177e+00
11,0.055000,2.00010002e-02,7.06950930e-02,7.04881922e-02,7.09923047e-02,6.89808431e-02,1.29191713e-01,1.38883294e-01,2.03672908e-01,2.07739422e-01,2.65146963e-01,3.13180367e-01,3.82441565e-01,3.57510350e-01,4.83350799e-01,7.44030392e-01,7.65704041e-01,5.44077203e-01,5.32567666e-01,7.29176060e-01,5.93543980e-01,5.46595438e-01,3.83589906e-01,5.34380701e-01,5.30803498e-01,5.10841171e-01,6.42263743e-01,6.26558420e-01,6.15450012e-01,6.13321116e-01,6.14170894e-01,6.71553726e-01,8.18412947e-01,6.24205505e-01,1.03629075e+00,6.98904259e-01,9.90266876e-01,7.95444438e-01,9.19707306e-01,7.62157807e-01,9.91800051e-01,9.01149006e-01,1.08519528e+00,9.01957353e-01,1.14957885e+00,1.11316665e+00,1.09702527e+00,1.11391274e+00,1.50376334e+00,1.31823044e+00,1.53137886e+00,1.45793299e+00,1.81011283e+00,1.66906114e+00,1.74003799e+00,1.75473485e+00,2.35249383e+00,2.02323889e+00,2.27835515e+00,2.40080663e+00,3.14957775e+00,2.49454226e+00,3.26604549e+00,2.62342777e+00,3.36550015e+00,2.66510879e+00,3.70032097e+00,3.41570808e+00,4.26382289e+00,3.07641387e+00,4.68886376e+00,3.72082166e+00,4.63912858e+00,3.92133158e+00,5.10082567e+00,4.52393215e+00,5.21955247e+00,5.28977144e+00,5.96437433e+00,6.31205989e+00,6.32922093e+00,5.43208805e+00,6.67107466e+00,7.09887405e+00,7.28033538e+00,5.74967524e+00,7.30985668e+00,8.96953768e+00,7.32016697e+00,7.15570468e+00,8.59468211e+00,1.05531794e+01,8.80425716e+00,8.85521216e+00,8.59734431e+00,1.09182065e+01,1.12033691e+01,8.10006916e+00,1.13376758e+01,1.37207656e+01,1.27343896e+01,1.22130787e+01,1.23563987e+01,1.67523715e+01,1.68456626e+01,1.20245121e+01,1.62433745e+01,1.63295185e+01,1.85298097e+01,1.59392289e+01,1.57396996e+01,1.94754159e+01,2.07756133e+01,1.45150658e+01,1.55384560e+01,1.86451582e+01,2.17023763e+01,1.61718812e+01,1.57832273e+01,2.13054068e+01,2.67418665e+01,1.63547673e+01,1.65525914e+01,2.20706129e+01,2.61823826e+01,1.92013632e+01,1.59450850e+01,1.93166756e+01,2.43405303e+01,2.12249784e+01,1.60721089e+01,1.92456962e+01,2.19603903e+01,2.08994830e+01,1.74432396e+01,1.90806053e+01,2.24616724e+01,2.20217865e+01,1.61245641e+01,1.77434711e+01,1.95113269e+01,2.04658897e+01,1.86464887e+01,2.01759966e+01,1.85064244e+01,2.21871032e+01,1.89561573e+01,1.64701164e+01,1.73100945e+01,1.97649557e+01,1.58700299e+01,1.66121512e+01,1.66015025e+01,1.87906928e+01,1.76028301e+01,1.41530332e+01,1.53916658e+01,1.70633611e+01,1.62389850e+01,1.48471324e+01,1.32490850e+01,1.56294548e+01,1.43197968e+01,1.49877085e+01,1.15055560e+01,1.23046350e+01,1.32367676e+01,1.30569957e+01,1.08769581e+01,1.05981883e+01,1.18130598e+01,1.16300009e+01,9.52001010e+00,9.60019699e+00,9.22916632e+00,1.12189647e+01,9.22398164e+00,8.72107361e+00,8.28150343e+00,9.33772727e+00,8.27324904e+00,7.71757182e+00,7.71962045e+00,9.10058709e+00,8.17272300e+00,5.92383759e+00,7.46929970e+00,7.97052770e+00,8.47917545e+00,6.61047531e+00,6.01437409e+00,6.85572560e+00,7.71876421e+00,5.65299032e+00,5.99038309e+00,6.10203733e+00,7.27784834e+00,5.65782036e+00,4.80224189e+00,5.53783196e+00,6.55711307e+00,4.49270451e+00,4.68173417e+00,4.53790431e+00,5.56707309e+00,4.47450035e+00,3.58144290e+00,3.80795870e+00,3.88559752e+00,3.83620681e+00,2.99385767e+00,3.11972676e+00,3.63356945e+00,2.92072734e+00,2.30160086e+00,2.40466664e+00,2.80424611e+00,3.12134310e+00,2.12061366e+00,2.36578964e+00,2.56236514e+00,2.49897156e+00,2.05262696e+00,1.90242120e+00,2.24177025e+00,2.55618303e+00,1.94329618e+00,2.40513229e+00,2.36491607e+00,3.16584668e+00,2.25211807e+00,1.85573150e+00,2.10970900e+00,2.27418021e+00,2.93141110e+00,3.34930581e+00,3.77805169e+00,6.64933531e+00,3.58362063e+00,1.94090680e+00,1.97834347e+00,2.58275839e+00,4.27876001e+00,3.97311301e+00,4.23026761e+00,4.15838679e+00,3.76601615e+00,3.80636819e+00,3.66354503e+00,3.27790032e+00,3.25778879e+00,2.97802711e+00,2.74062204e+00,2.69807218e+00,2.27234959e+00,1.97511031e+00,1.76719727e+00,1.70654034e+00,1.71998477e+00,1.73334999e+00,1.74660611e+00,1.76024354e+00,1.77353831e+00,1.78699789e+00,1.80058047e+00,1.81445786e+00,1.82804353e+00,1.84141882e+00,1.85533738e+00,1.86949830e+00,1.88361898e+00,1.89690294e+00,1.91088397e+00,1.92508124e+00,1.93931696e+00,1.95376312e+00,1.96721745e+00,1.98202261e+00,1.99645420e+00,2.01063170e+00,2.02471977e+00,2.03905132e+00,2.05437112e+00,2.06867819e+00,2.08303538e+00,2.09740744e+00,2.11240543e+00,2.12756701e+00,2.14212778e+00,2.15690735e+00,2.17157830e+00,2.18711940e+00,2.20197098e+00,2.21676666e+00,2.23251694e+00,2.24781986e+00,2.26277901e+00,2.27815458e+00,2.29304069e+00,2.30934275e+00,2.32483734e+00,2.34000553e+00,2.35507076e+00,2.37076678e+00,2.38708754e+00,2.40288274e+00,2.41804352e+00,2.43430432e+00,2.44993876e+00,2.46629922e+00,2.48210477e+00,2.49814634e+00,2.51441588e+00,2.52988409e+00,2.54666311e+00,2.56261931e+00,2.57943780e+00,2.59563373e+00,2.61171865e+00,2.62822311e+00,2.64475597e+00,2.66156235e+00,2.67851444e+00,2.69478219e+00,2.71107634e+00,2.72845803e+00,2.74506680e+00,2.76325853e+00,2.77893315e+00,2.79624011e+00,2.81272726e+00,2.82979746e+00,2.84775666e+00,2.86544727e+00,2.88270289e+00,2.89949327e+00,2.91683463e+00,2.93335736e+00,2.95184071e+00,2.96881606e+00,2.98800362e+00,3.00458733e+00,3.02191326e+00,3.03942261e+00,3.05733408e+00,3.07526805e+00,3.09348606e+00,3.11180949e+00,3.13021337e+00,3.14746775e+00,3.16675408e+00,3.18437822e+00,3.20135007e+00,3.21947393e+00,3.23715782e+00,3.25581380e+00,3.27593302e+00,3.29554130e+00,3.31503690e+00,3.32805770e+00,3.34807108e+00,3.36761542e+00,3.38446683e+00,3.40747177e+00
12,0.060000,2.00010002e-02,7.06726532e-02,7.04731648e-02,7.09772500e-02,6.89539711e-02,1.29197241e-01,1.38849006e-01,2.03808297e-01,2.07886269e-01,2.64954675e-01,3.13152259e-01,3.82185894e-01,3.57832380e-01,4.83216205e-01,7.44330244e-01,7.65507853e-01,5.44493012e-01,5.32862655e-01,7.29314440e-01,5.93453625e-01,5.47255441e-01,3.84215064e-01,5.34951139e-01,5.31796118e-01,5.11149634e-01,6.42338458e-01,6.25861672e-01,6.14586576e-01,6.13968675e-01,6.14264981e-01,6.70566928e-01,8.17621930e-01,6.24376699e-01,1.03859649e+00,6.99314305e-01,9.89447928e-01,7.95136895e-01,9.20001394e-01,7.67955389e-01,9.99544356e-01,9.07482595e-01,1.09973913e+00,9.22517980e-01,1.19869104e+00,1.13296187e+00,1.15112588e+00,1.19800266e+00,1.71830146e+00,1.41710731e+00,1.78171108e+00,1.76640232e+00,2.48758276e+00,1.96184210e+00,2.45030601e+00,2.46166098e+00,3.38358904e+00,2.97860182e+00,3.63458925e+00,3.84899826e+00,5.47473848e+00,3.81214351e+00,5.83760217e+00,4.49517955e+00,6.00118645e+00,4.63952081e+00,6.51566072e+00,6.27514663e+00,8.05449064e+00,5.22266390e+00,8.86420312e+00,6.82272604e+00,8.07928827e+00,7.71177615e+00,9.17920825e+00,8.54311886e+00,9.98901083e+00,9.71795133e+00,1.14903402e+01,1.21765243e+01,1.14172625e+01,1.11408751e+01,1.17877365e+01,1.43997493e+01,1.41807576e+01,1.05051323e+01,1.43381634e+01,1.71239612e+01,1.48259558e+01,1.39237765e+01,1.65982184e+01,2.10323905e+01,1.69136561e+01,1.79234775e+01,1.80327629e+01,2.19198767e+01,2.17886335e+01,1.77050041e+01,2.15446343e+01,3.04212765e+01,2.37578428e+01,2.64209843e+01,2.43980454e+01,3.61600365e+01,3.20552903e+01,2.65265029e+01,3.19168703e+01,3.52541090e+01,3.58318258e+01,3.42450899e+01,3.11846894e+01,4.15344063e+01,3.99940903e+01,2.91986626e+01,3.42447132e+01,3.59382262e+01,4.35365640e+01,3.38312967e+01,3.23699978e+01,4.19431021e+01,5.34731530e+01,3.35422151e+01,3.32209617e+01,4.41307821e+01,5.16686418e+01,3.79252464e+01,3.38261166e+01,3.82740063e+01,4.79443130e+01,4.32185724e+01,3.15062275e+01,3.78831411e+01,4.30935100e+01,4.22164137e+01,3.29390897e+01,3.69792218e+01,4.49488850e+01,4.35276023e+01,3.03281067e+01,3.36946716e+01,3.78064964e+01,3.95466868e+01,3.62188569e+01,3.79951089e+01,3.59738199e+01,4.31320644e+01,3.47231336e+01,3.09995714e+01,3.22861669e+01,3.86996350e+01,2.90492541e+01,3.02360680e+01,3.15012617e+01,3.51622342e+01,3.27051987e+01,2.61150361e+01,2.89654952e+01,2.96189008e+01,2.94576484e+01,2.77237942e+01,2.36948379e+01,2.85347449e+01,2.63847693e+01,2.62174321e+01,2.01823571e+01,2.22589146e+01,2.30061802e+01,2.23746734e+01,1.94209476e+01,1.86944316e+01,2.06522851e+01,1.91453333e+01,1.60955056e+01,1.66762382e+01,1.55975420e+01,1.84185078e+01,1.47718749e+01,1.42751176e+01,1.38040252e+01,1.64065709e+01,1.34703005e+01,1.24953199e+01,1.19900087e+01,1.46494905e+01,1.37411500e+01,1.02418608e+01,1.20745143e+01,1.20338159e+01,1.33938101e+01,1.00315264e+01,9.55326004e+00,1.11725837e+01,1.21024541e+01,8.92175121e+00,9.08047247e+00,8.87971106e+00,1.10433433e+01,8.31192890e+00,7.15246415e+00,8.05357678e+00,9.43815307e+00,6.55653307e+00,6.71571076e+00,6.58436748e+00,7.48917207e+00,6.41756672e+00,4.73941256e+00,4.94487234e+00,4.93788513e+00,5.24079823e+00,3.77069918e+00,3.80996919e+00,4.20321775e+00,3.42885367e+00,2.62770492e+00,2.77820364e+00,3.07965383e+00,3.45258981e+00,2.21675510e+00,2.47376671e+00,2.62898369e+00,2.59489387e+00,2.14301380e+00,1.93706865e+00,2.28107601e+00,2.59014710e+00,1.96062537e+00,2.42121819e+00,2.39361310e+00,3.25135999e+00,2.42993574e+00,2.01161581e+00,2.21318951e+00,2.35394857e+00,3.36743852e+00,3.68012968e+00,4.18384937e+00,8.25327928e+00,4.23972498e+00,2.01218484e+00,2.03848489e+00,2.74998257e+00,4.17457611e+00,3.88266896e+00,4.13311323e+00,4.06609174e+00,3.68945789e+00,3.73315649e+00,3.59776664e+00,3.22695412e+00,3.21269744e+00,2.94360517e+00,2.71608633e+00,2.68037515e+00,2.26322859e+00,1.97112409e+00,1.76615809e+00,1.70654021e+00,1.71998462e+00,1.73334984e+00,1.74660596e+00,1.76024338e+00,1.77353818e+00,1.78699773e+00,1.80058031e+00,1.81445770e+00,1.82804338e+00,1.84141869e+00,1.85533721e+00,1.86949813e+00,1.88361883e+00,1.89690279e+00,1.91088383e+00,1.92508107e+00,1.93931682e+00,1.95376294e+00,1.96721729e+00,1.98202244e+00,1.99645401e+00,2.01063156e+00,2.02471959e+00,2.03905114e+00,2.05437094e+00,2.06867802e+00,2.08303523e+00,2.09740725e+00,2.11240527e+00,2.12756683e+00,2.14212760e+00,2.15690716e+00,2.17157810e+00,2.18711924e+00,2.20197079e+00,2.21676648e+00,2.23251674e+00,2.24781966e+00,2.26277885e+00,2.27815439e+00,2.29304049e+00,2.30934254e+00,2.32483713e+00,2.34000536e+00,2.35507051e+00,2.37076661e+00,2.38708733e+00,2.40288255e+00,2.41804331e+00,2.43430411e+00,2.44993857e+00,2.46629898e+00,2.48210460e+00,2.49814611e+00,2.51441568e+00,2.52988391e+00,2.54666285e+00,2.56261910e+00,2.57943754e+00,2.59563352e+00,2.61171847e+00,2.62822285e+00,2.64475574e+00,2.66156207e+00,2.67851426e+00,2.69478195e+00,2.71107610e+00,2.72845785e+00,2.74506651e+00,2.76325832e+00,2.77893289e+00,2.79623989e+00,2.81272707e+00,2.82979715e+00,2.84775649e+00,2.86544698e+00,2.88270265e+00,2.89949300e+00,2.91683436e+00,2.93335724e+00,2.95184039e+00,2.96881584e+00,2.98800334e+00,3.00458707e+00,3.02191305e+00,3.03942231e+00,3.05733385e+00,3.07526779e+00,3.09348578e+00,3.11180934e+00,3.13021300e+00,3.14746769e+00,3.16675367e+00,3.18437808e+00,3.20134982e+00,3.21947362e+00,3.23715781e+00,3.25581340e+00,3.27593301e+00,3.29554088e+00,3.31503690e+00,3.32805770e+00,3.34807066e+00,3.36761542e+00,3.38446649e+00,3.40747177e+00
