seed: 0
variant: gaussian_jonly
runs:
- FPCape-const
- FPCape-sine
- FPCape-ramp
- FPCape-ou
- FPCape-tel
n_train_frames: 624
n_val_frames: 200
N_train_pixels: 98110272
N_val_pixels: 31445600
valid_per_frame:
  FPCape-const: 157228
  FPCape-sine: 157228
  FPCape-ramp: 157228
  FPCape-ou: 157228
  FPCape-tel: 157228
lomo_holdout: FPCape-const
lr: 0.001
weight_decay: 1.0e-05
epochs: 100
film: true
ELBO_num_data: 98110272
device: cuda
init_hyperparams:
  gp_mean_init: 0.0
  gp_space_var: 1.0
  noise_frac: 0.1
  outputscale_init: 0.9
  noise_init: 0.1
  y_mean: -0.0017988566240556639
  y_std: 1.1846280531724567
  stats_n_pixels: 98110272
  zdot_sd: 0.21623815652901135
  g_scale: 1.547252367984023
  g2_scale: 77.33440274064789
  conditioning_stats:
    zdot_sd: 0.21623815652901135
    zdot_n_frames: 624
    g_scale: 1.547252367984023
    g2_scale: 77.33440274064789
    g_n_pixels: 98110272
