seed: 0
variant: gaussian_jonly
runs:
- FPC-const
- FPC-sine
- FPC-ramp
- FPC-ou
- FPC-telS-A
n_train_frames: 883
n_val_frames: 250
N_train_pixels: 211100576
N_val_pixels: 59768000
valid_per_frame:
  FPC-const: 239072
  FPC-sine: 239072
  FPC-ramp: 239072
  FPC-ou: 239072
  FPC-telS-A: 239072
lomo_holdout: null
lr: 0.001
weight_decay: 1.0e-05
epochs: 150
film: true
ELBO_num_data: 211100576
device: cuda
init_hyperparams:
  gp_mean_init: 0.0
  gp_space_var: 1.0
  noise_frac: 0.1
  outputscale_init: 0.9
  noise_init: 0.1
  y_mean: 6.745472096315532e-06
  y_std: 0.6066625051050032
  stats_n_pixels: 211100576
  zdot_sd: 0.18178086907250635
  g_scale: 0.7069500263601687
  conditioning_stats:
    zdot_sd: 0.18178086907250635
    zdot_n_frames: 883
    g_scale: 0.7069500263601687
    g_n_pixels: 211100576
