best_val_nll: 5.720004558563232
kurtosis: 394.1776428222656
epochs: 60
seed: 0
training_path: joint (Plan A); Plan-B symptoms logged per epoch
zeta_ard_lengthscale: 0.6931471824645996
