seed: 0
runs:
- FPCape-const
- FPCape-sine
- FPCape-ramp
- FPCape-ou
- FPCape-tel
n_train_frames: 780
n_val_frames: 220
N_train_pixels: 145020720
N_val_pixels: 40903280
valid_per_frame:
  FPCape-const: 185924
  FPCape-sine: 185924
  FPCape-ramp: 185924
  FPCape-ou: 185924
  FPCape-tel: 185924
lomo_holdout: null
lr: 0.001
weight_decay: 1.0e-05
epochs: 150
film: true
ELBO_num_data: 145020720
device: cuda
init_hyperparams:
  gp_mean_init: 0.0
  gp_space_var: 1.0
  noise_frac: 0.1
  outputscale_init: 0.9
  noise_init: 0.1
  y_mean: 1.5640475606140234
  y_std: 281.3809817234043
  stats_n_pixels: 145020720
  zdot_sd: 0.19341012076214337
  g_scale: 2.058789267298935
  conditioning_stats:
    zdot_sd: 0.19341012076214337
    zdot_n_frames: 780
    g_scale: 2.058789267298935
    g_n_pixels: 145020720
