best_val_nll: 5.7184247970581055
kurtosis: 394.9595642089844
epochs: 60
seed: 0
training_path: joint (Plan A); Plan-B symptoms logged per epoch
zeta_ard_lengthscale: 0.6931471824645996
