best_val_nll: 15571.7587890625
kurtosis: 352.875244140625
epochs: 2
seed: 0
training_path: joint (Plan A); Plan-B symptoms logged per epoch
zeta_ard_lengthscale: 0.6931471824645996
